frame_id,frame_path,label,kpt_0_x,kpt_0_y,kpt_0_z,kpt_1_x,kpt_1_y,kpt_1_z,kpt_2_x,kpt_2_y,kpt_2_z,kpt_3_x,kpt_3_y,kpt_3_z,kpt_4_x,kpt_4_y,kpt_4_z,kpt_5_x,kpt_5_y,kpt_5_z,kpt_6_x,kpt_6_y,kpt_6_z,kpt_7_x,kpt_7_y,kpt_7_z,kpt_8_x,kpt_8_y,kpt_8_z,kpt_9_x,kpt_9_y,kpt_9_z,kpt_10_x,kpt_10_y,kpt_10_z,kpt_11_x,kpt_11_y,kpt_11_z,kpt_12_x,kpt_12_y,kpt_12_z,kpt_13_x,kpt_13_y,kpt_13_z,kpt_14_x,kpt_14_y,kpt_14_z,kpt_15_x,kpt_15_y,kpt_15_z,kpt_16_x,kpt_16_y,kpt_16_z,kpt_17_x,kpt_17_y,kpt_17_z,kpt_18_x,kpt_18_y,kpt_18_z,kpt_19_x,kpt_19_y,kpt_19_z,kpt_20_x,kpt_20_y,kpt_20_z,kpt_21_x,kpt_21_y,kpt_21_z,kpt_22_x,kpt_22_y,kpt_22_z,kpt_23_x,kpt_23_y,kpt_23_z,kpt_24_x,kpt_24_y,kpt_24_z,kpt_25_x,kpt_25_y,kpt_25_z,kpt_26_x,kpt_26_y,kpt_26_z,kpt_27_x,kpt_27_y,kpt_27_z,kpt_28_x,kpt_28_y,kpt_28_z,kpt_29_x,kpt_29_y,kpt_29_z,kpt_30_x,kpt_30_y,kpt_30_z,kpt_31_x,kpt_31_y,kpt_31_z,kpt_32_x,kpt_32_y,kpt_32_z
0208,./images/2/frame_00208.jpg,Normal,0.4042598605155945,0.23621931672096252,-0.21763893961906433,0.4059053063392639,0.22595301270484924,-0.21441929042339325,0.4074811041355133,0.22492477297782898,-0.21444866061210632,0.408965528011322,0.22372490167617798,-0.21451334655284882,0.40070098638534546,0.2268066555261612,-0.2112574577331543,0.3988957405090332,0.22661195695400238,-0.21127064526081085,0.39712077379226685,0.22649723291397095,-0.21128349006175995,0.41164475679397583,0.2196010947227478,-0.1601969450712204,0.3958245515823364,0.22510316967964172,-0.14313024282455444,0.4079313278198242,0.24190214276313782,-0.19409523904323578,0.4025217890739441,0.24194049835205078,-0.1893497109413147,0.4320189356803894,0.24273231625556946,-0.11259075254201889,0.3892548084259033,0.256192684173584,-0.09871184080839157,0.44445762038230896,0.2824252247810364,-0.15933868288993835,0.3858073651790619,0.3091900944709778,-0.1328747719526291,0.434610515832901,0.29951703548431396,-0.2628517746925354,0.3978748619556427,0.3302634358406067,-0.22299394011497498,0.4329109787940979,0.30497032403945923,-0.2920384109020233,0.39981961250305176,0.3393412232398987,-0.24889639019966125,0.42880743741989136,0.2988607883453369,-0.2933177351951599,0.40274277329444885,0.33354514837265015,-0.25161102414131165,0.42881709337234497,0.297967791557312,-0.26647844910621643,0.4021853506565094,0.3309231400489807,-0.22665520012378693,0.4248775541782379,0.3718976378440857,-0.00792178325355053,0.40461429953575134,0.3760048449039459,0.007904999889433384,0.4284899830818176,0.4265627861022949,0.019202519208192825,0.40820908546447754,0.4214172065258026,0.052083779126405716,0.42953699827194214,0.4891990125179291,0.16376078128814697,0.4180460572242737,0.48627498745918274,0.20331501960754395,0.4277859628200531,0.4939101040363312,0.17665116488933563,0.41904449462890625,0.4911743104457855,0.2177470177412033,0.4318307042121887,0.5179215669631958,0.11919446289539337,0.4199202060699463,0.5144203305244446,0.16631726920604706
0209,./images/2/frame_00209.jpg,Normal,0.4040736258029938,0.23347166180610657,-0.07361587136983871,0.4038916230201721,0.22579661011695862,-0.07535552978515625,0.4038693904876709,0.22489574551582336,-0.07539130002260208,0.4036616384983063,0.22373580932617188,-0.07544340193271637,0.4016883969306946,0.22587279975414276,-0.07450760900974274,0.40129318833351135,0.22525566816329956,-0.07450883090496063,0.4009701609611511,0.22463814914226532,-0.07455563545227051,0.40483173727989197,0.2205498367547989,-0.05648330971598625,0.4014129042625427,0.22344055771827698,-0.051558345556259155,0.40548568964004517,0.2384336292743683,-0.06367043405771255,0.4030515253543854,0.23725926876068115,-0.06230771541595459,0.41855254769325256,0.24270382523536682,-0.0350298173725605,0.40066641569137573,0.25361281633377075,-0.028716880828142166,0.43277400732040405,0.2810683846473694,-0.020660165697336197,0.38967135548591614,0.30918964743614197,-0.04073295369744301,0.43443790078163147,0.30733388662338257,-0.03612363338470459,0.39985084533691406,0.33042484521865845,-0.08849339187145233,0.43425479531288147,0.31615546345710754,-0.045033834874629974,0.41139763593673706,0.33287787437438965,-0.09983314573764801,0.43352454900741577,0.3140591084957123,-0.051368970423936844,0.41169875860214233,0.32878556847572327,-0.10888435691595078,0.4326830804347992,0.31142038106918335,-0.03943049535155296,0.41148170828819275,0.32561376690864563,-0.09358169883489609,0.4229762554168701,0.3617502450942993,-0.008025610819458961,0.4127517640590668,0.3601624071598053,0.008010738529264927,0.4222845435142517,0.42728808522224426,0.017710532993078232,0.41316622495651245,0.4261700212955475,0.04236600548028946,0.42666101455688477,0.4901985228061676,0.07425636053085327,0.41960206627845764,0.4868790805339813,0.11355938017368317,0.4272463917732239,0.49750077724456787,0.0776544064283371,0.42192238569259644,0.4927830994129181,0.11969850957393646,0.4286716878414154,0.5170935988426208,0.03417256474494934,0.4199203848838806,0.5131144523620605,0.0831405371427536
0210,./images/2/frame_00210.jpg,Normal,0.40395838022232056,0.2351962774991989,-0.1603124737739563,0.40397030115127563,0.2280278503894806,-0.15868279337882996,0.40433162450790405,0.22678524255752563,-0.15871435403823853,0.4045844078063965,0.2252795696258545,-0.15877537429332733,0.40165597200393677,0.22888503968715668,-0.1562182456254959,0.4010772109031677,0.2284637689590454,-0.1562272012233734,0.40044379234313965,0.22800689935684204,-0.15625229477882385,0.40601643919944763,0.22181490063667297,-0.1142844408750534,0.4005046784877777,0.2266925573348999,-0.10208636522293091,0.4057082235813141,0.23861664533615112,-0.14098559319972992,0.4030314087867737,0.23828712105751038,-0.13736788928508759,0.42047929763793945,0.24221882224082947,-0.0690133199095726,0.3976548910140991,0.2585492730140686,-0.0589267797768116,0.44481223821640015,0.2737215757369995,-0.10338083654642105,0.3891952633857727,0.3124224841594696,-0.08606827259063721,0.44650998711586,0.28640782833099365,-0.18018576502799988,0.3987102806568146,0.3290136754512787,-0.16563981771469116,0.4491027891635895,0.29430606961250305,-0.20557744801044464,0.4046100080013275,0.33358657360076904,-0.18644726276397705,0.4430171549320221,0.28480345010757446,-0.22182802855968475,0.4067905843257904,0.32846924662590027,-0.18808144330978394,0.44216641783714294,0.2843468189239502,-0.18962594866752625,0.40643829107284546,0.32568493485450745,-0.16960063576698303,0.42668551206588745,0.3555927276611328,-0.00855206698179245,0.4110633432865143,0.3585587739944458,0.008577043190598488,0.42266759276390076,0.429691344499588,-0.029514241963624954,0.4117189347743988,0.4296276569366455,0.041999299079179764,0.42687350511550903,0.4976080060005188,0.043541330844163895,0.4195381999015808,0.4866105318069458,0.15638263523578644,0.4275065064430237,0.5057253837585449,0.048097506165504456,0.4219590127468109,0.4927370846271515,0.16650113463401794,0.4285051226615906,0.5221827030181885,-0.014081275090575218,0.41904449462890625,0.5131441354751587,0.12115049362182617
0211,./images/2/frame_00211.jpg,Normal,0.40322431921958923,0.23536868393421173,-0.12952542304992676,0.4033128619194031,0.2279893010854721,-0.12540532648563385,0.40407150983810425,0.2267291396856308,-0.12544697523117065,0.4047950804233551,0.22524166107177734,-0.12550495564937592,0.40084943175315857,0.22907011210918427,-0.12354351580142975,0.4002377390861511,0.22874414920806885,-0.12354888767004013,0.3996050953865051,0.22843165695667267,-0.12355506420135498,0.4068412780761719,0.22175197303295135,-0.07481661438941956,0.39912310242652893,0.22716060280799866,-0.06447096168994904,0.4056467115879059,0.23882387578487396,-0.1080300435423851,0.40232858061790466,0.23834314942359924,-0.105146624147892,0.4216751158237457,0.24182762205600739,-0.027428695932030678,0.39548587799072266,0.2608587443828583,-0.024728788062930107,0.45015770196914673,0.267708420753479,-0.06030065566301346,0.38883399963378906,0.31454038619995117,-0.05368862301111221,0.45006996393203735,0.2774727940559387,-0.15409326553344727,0.40051522850990295,0.3225208520889282,-0.1449560970067978,0.45092660188674927,0.28317585587501526,-0.17642426490783691,0.4060465693473816,0.32302233576774597,-0.16625666618347168,0.4460856318473816,0.27654334902763367,-0.18059317767620087,0.40791335701942444,0.31464850902557373,-0.1703556627035141,0.4453815519809723,0.276009738445282,-0.15816038846969604,0.4073440134525299,0.313157856464386,-0.14834068715572357,0.42709654569625854,0.3551389276981354,-0.008563177660107613,0.4100150167942047,0.3578716218471527,0.008607642725110054,0.42366766929626465,0.43129196763038635,-0.030552377924323082,0.4113388955593109,0.4307602345943451,0.02624143287539482,0.4261344075202942,0.5026975274085999,0.03522781282663345,0.41984349489212036,0.48919886350631714,0.125864177942276,0.4262496531009674,0.5118412971496582,0.03911744803190231,0.4217627942562103,0.49520012736320496,0.13403382897377014,0.42776352167129517,0.5284904837608337,-0.02036360278725624,0.41987496614456177,0.5155043005943298,0.08676392585039139
0212,./images/2/frame_00212.jpg,Normal,0.4016669690608978,0.23929238319396973,-0.12111961841583252,0.4023573398590088,0.23199553787708282,-0.11803783476352692,0.4034782350063324,0.2306908667087555,-0.11807221174240112,0.4045626223087311,0.229110449552536,-0.11811795085668564,0.39920276403427124,0.23308317363262177,-0.11537548154592514,0.39823830127716064,0.23263444006443024,-0.11538912355899811,0.39718180894851685,0.23215173184871674,-0.1154036894440651,0.40707436203956604,0.2242845594882965,-0.07204797863960266,0.3961673378944397,0.22995734214782715,-0.057381771504879,0.40481653809547424,0.2405734360218048,-0.10121694952249527,0.40075063705444336,0.24143972992897034,-0.09709040820598602,0.42368417978286743,0.24116361141204834,-0.026752427220344543,0.3928898870944977,0.2627224028110504,-0.027916744351387024,0.4525543749332428,0.25917452573776245,-0.07320290803909302,0.3890232443809509,0.31663936376571655,-0.07611361891031265,0.448622465133667,0.2692584693431854,-0.16156315803527832,0.403794527053833,0.31028634309768677,-0.17067882418632507,0.4476577341556549,0.27444568276405334,-0.1806926131248474,0.4093998074531555,0.3066595196723938,-0.1925612986087799,0.4437304437160492,0.27041471004486084,-0.1814316213130951,0.4093431532382965,0.29991358518600464,-0.19351938366889954,0.44355708360671997,0.27004334330558777,-0.16369901597499847,0.4083010256290436,0.3003314733505249,-0.17323166131973267,0.42769378423690796,0.35767418146133423,-0.008200069889426231,0.40987277030944824,0.36035263538360596,0.008269071578979492,0.4241386353969574,0.4343765377998352,-0.04870106652379036,0.40984591841697693,0.43528053164482117,0.03527728468179703,0.4261804223060608,0.5070640444755554,0.0016493008006364107,0.4197930693626404,0.4921345114707947,0.15389753878116608,0.42594489455223083,0.5160420536994934,0.004154108930379152,0.4196223318576813,0.4937499463558197,0.16455624997615814,0.42666688561439514,0.5357949733734131,-0.05536472052335739,0.41904252767562866,0.517629086971283,0.11787042766809464
0213,./images/2/frame_00213.jpg,Normal,0.4009391665458679,0.23931629955768585,-0.09473259747028351,0.40137457847595215,0.23193353414535522,-0.09125138819217682,0.40241605043411255,0.23045700788497925,-0.09129004925489426,0.40348806977272034,0.22887782752513885,-0.09133806079626083,0.3983812928199768,0.23293493688106537,-0.08827625215053558,0.3973909020423889,0.2324182689189911,-0.08828550577163696,0.39627909660339355,0.23190943896770477,-0.08830831944942474,0.40580159425735474,0.22409197688102722,-0.04589774087071419,0.3950420916080475,0.22961902618408203,-0.029361268505454063,0.4039413332939148,0.24046681821346283,-0.07518209517002106,0.40018129348754883,0.24143055081367493,-0.07054030150175095,0.4248878061771393,0.24024271965026855,-0.0013055464951321483,0.392169713973999,0.2619783878326416,-0.0048480285331606865,0.4527425169944763,0.2547000050544739,-0.0491817407310009,0.39037024974823,0.3161424994468689,-0.05618521571159363,0.44752421975135803,0.2594260573387146,-0.12948817014694214,0.40489810705184937,0.2982672452926636,-0.15120214223861694,0.4472336769104004,0.2594466507434845,-0.14625850319862366,0.4115903973579407,0.29413291811943054,-0.1714162677526474,0.44435495138168335,0.25923874974250793,-0.1450669914484024,0.4109615683555603,0.28197357058525085,-0.1692405790090561,0.4428991377353668,0.2599482834339142,-0.13113638758659363,0.4101269841194153,0.2844683825969696,-0.15208353102207184,0.4273553490638733,0.3588913381099701,-0.008020472712814808,0.4094955027103424,0.3614586293697357,0.008103122934699059,0.424104779958725,0.4377261698246002,-0.04723827913403511,0.4099002778530121,0.43799784779548645,0.013085253536701202,0.424182265996933,0.507505476474762,0.019872985780239105,0.4202934801578522,0.493182510137558,0.12283362448215485,0.42371925711631775,0.5162332057952881,0.024109886959195137,0.41951584815979004,0.49365776777267456,0.13266730308532715,0.4235944151878357,0.5356138944625854,-0.03281448781490326,0.41905421018600464,0.5188193917274475,0.09141034632921219
0214,./images/2/frame_00214.jpg,Normal,0.40066057443618774,0.2392936646938324,-0.10354938358068466,0.40101414918899536,0.23147185146808624,-0.10063580423593521,0.4020612835884094,0.23006309568881989,-0.10066670179367065,0.40306931734085083,0.22853244841098785,-0.10070733726024628,0.3977468013763428,0.2327207773923874,-0.0974615067243576,0.39652329683303833,0.23230527341365814,-0.09747646003961563,0.3952113389968872,0.23191621899604797,-0.09750933945178986,0.40485939383506775,0.22388948500156403,-0.05779562518000603,0.3939867317676544,0.22967132925987244,-0.03971177339553833,0.40365010499954224,0.24047747254371643,-0.08491840958595276,0.3995583951473236,0.241912379860878,-0.07982174307107925,0.42560315132141113,0.2391204684972763,-0.010165712796151638,0.39123278856277466,0.2615185081958771,-0.021043337881565094,0.4520329535007477,0.24822235107421875,-0.048981841653585434,0.39256131649017334,0.3155922591686249,-0.07627090811729431,0.45924654603004456,0.25242388248443604,-0.12702922523021698,0.40909767150878906,0.2776731848716736,-0.17627441883087158,0.4613405764102936,0.2509358823299408,-0.1402340531349182,0.41546911001205444,0.27136126160621643,-0.19485434889793396,0.46094179153442383,0.2522982358932495,-0.14375998079776764,0.41420650482177734,0.25640669465065,-0.18565955758094788,0.45800432562828064,0.25447842478752136,-0.1303287297487259,0.4127259850502014,0.26563188433647156,-0.1706794649362564,0.42715755105018616,0.3592100739479065,-0.00776086887344718,0.408855140209198,0.3621998727321625,0.00784907303750515,0.42440977692604065,0.44161367416381836,-0.0646662786602974,0.40987545251846313,0.4408656358718872,0.02645893022418022,0.42420634627342224,0.5120111107826233,-0.0245770625770092,0.4202112555503845,0.49277204275131226,0.1542486697435379,0.4238065183162689,0.5249106884002686,-0.023323461413383484,0.41845759749412537,0.4922746419906616,0.1679677814245224,0.42311087250709534,0.5411458015441895,-0.0857347846031189,0.4190492630004883,0.519904375076294,0.13832347095012665
0215,./images/2/frame_00215.jpg,Normal,0.40079355239868164,0.23764270544052124,-0.10139739513397217,0.4012862741947174,0.22990532219409943,-0.09761582314968109,0.4022577404975891,0.22867056727409363,-0.09764784574508667,0.4031469225883484,0.22726768255233765,-0.09769012778997421,0.3977837562561035,0.23065435886383057,-0.09586624801158905,0.3968552052974701,0.23009994626045227,-0.09588277339935303,0.3957967460155487,0.22955529391765594,-0.09593048691749573,0.40446075797080994,0.22303935885429382,-0.0530281588435173,0.3940092921257019,0.22807097434997559,-0.041955262422561646,0.40385422110557556,0.2397851049900055,-0.08222104609012604,0.39982476830482483,0.24100475013256073,-0.0791553407907486,0.42597872018814087,0.2390555888414383,-0.007803457789123058,0.3909133970737457,0.2611142098903656,-0.026922788470983505,0.451987087726593,0.24053217470645905,-0.05150972679257393,0.39531034231185913,0.30968260765075684,-0.08124236762523651,0.45665836334228516,0.2459162026643753,-0.12960627675056458,0.41174644231796265,0.2698902487754822,-0.16360391676425934,0.45863908529281616,0.24234621226787567,-0.1439356952905655,0.417736291885376,0.26425907015800476,-0.1809561848640442,0.4567233920097351,0.24318921566009521,-0.14470219612121582,0.41596484184265137,0.2574023902416229,-0.17676429450511932,0.4545517861843109,0.24587726593017578,-0.1320837438106537,0.41374239325523376,0.2603667974472046,-0.16266751289367676,0.42548054456710815,0.3579813539981842,-0.005198660306632519,0.40865403413772583,0.36176347732543945,0.005269323475658894,0.42244377732276917,0.44119974970817566,-0.04460827261209488,0.41276901960372925,0.4430180788040161,0.012336522340774536,0.422624409198761,0.5116730332374573,0.0037731353659182787,0.4204833507537842,0.4944728910923004,0.13011161983013153,0.42267531156539917,0.525528073310852,0.00593017041683197,0.41851845383644104,0.49448075890541077,0.14104771614074707,0.42223137617111206,0.540800154209137,-0.05023432523012161,0.42007526755332947,0.5231385827064514,0.10589691251516342
0216,./images/2/frame_00216.jpg,Normal,0.4012741148471832,0.23638151586055756,-0.11375297605991364,0.401337206363678,0.22918248176574707,-0.10932878404855728,0.40240246057510376,0.22794155776500702,-0.1093575581908226,0.40339237451553345,0.22648932039737701,-0.10939810425043106,0.3984113335609436,0.23007197678089142,-0.10892854630947113,0.3975785970687866,0.22956982254981995,-0.10894565284252167,0.39649999141693115,0.22895295917987823,-0.10899193584918976,0.40490174293518066,0.22235608100891113,-0.06234347075223923,0.39422619342803955,0.22783169150352478,-0.05627284198999405,0.4041045308113098,0.2386970967054367,-0.09364353120326996,0.40040016174316406,0.24000850319862366,-0.09201361238956451,0.4262304902076721,0.23849928379058838,-0.017527295276522636,0.3896576762199402,0.2602986693382263,-0.04443805292248726,0.4515792727470398,0.23484103381633759,-0.06711897253990173,0.3990504741668701,0.3062804639339447,-0.10300935804843903,0.45183467864990234,0.23899570107460022,-0.13416863977909088,0.4142191410064697,0.2589704394340515,-0.16793645918369293,0.4501270651817322,0.23582464456558228,-0.16892322897911072,0.4191281795501709,0.2524411380290985,-0.18673750758171082,0.44784823060035706,0.2360859513282776,-0.1749352514743805,0.417015939950943,0.2470555603504181,-0.1833127737045288,0.44689640402793884,0.23860786855220795,-0.1478254497051239,0.4156191349029541,0.2496730238199234,-0.1677626669406891,0.42572006583213806,0.3585653007030487,-0.0025084828957915306,0.4060974717140198,0.36222043633461,0.0025756426621228456,0.42339763045310974,0.442010760307312,-0.05812331289052963,0.4103342592716217,0.44625696539878845,0.022504476830363274,0.4230714738368988,0.5176922082901001,-0.019146081060171127,0.41995111107826233,0.4939180016517639,0.1853729635477066,0.4228261113166809,0.5295749306678772,-0.017687644809484482,0.4175243377685547,0.49264898896217346,0.20013019442558289,0.4222531318664551,0.5477159023284912,-0.07861091941595078,0.4196239411830902,0.5228529572486877,0.16823185980319977
0217,./images/2/frame_00217.jpg,Normal,0.40137600898742676,0.2348100244998932,-0.10435861349105835,0.40152138471603394,0.2270178496837616,-0.09975586086511612,0.4025662839412689,0.22583086788654327,-0.0997895821928978,0.4035438001155853,0.2244514673948288,-0.0998297780752182,0.39850932359695435,0.2279280722141266,-0.10021200031042099,0.39762061834335327,0.22741849720478058,-0.10023099184036255,0.39652591943740845,0.22677724063396454,-0.10028306394815445,0.4050631523132324,0.22064374387264252,-0.051888950169086456,0.3941744863986969,0.2251778542995453,-0.050100166350603104,0.4042202830314636,0.2378830760717392,-0.08374257385730743,0.4004693925380707,0.23873628675937653,-0.08335095643997192,0.42561060190200806,0.23790280520915985,-0.006993201561272144,0.38866716623306274,0.25641998648643494,-0.0431889072060585,0.45023760199546814,0.23810593783855438,-0.06554888188838959,0.4000197947025299,0.301832914352417,-0.10032999515533447,0.44151243567466736,0.24368470907211304,-0.14998961985111237,0.4141395688056946,0.2525179982185364,-0.1532437801361084,0.43898147344589233,0.24151791632175446,-0.16893896460533142,0.419545978307724,0.24526560306549072,-0.1710931360721588,0.43599390983581543,0.23987308144569397,-0.16689041256904602,0.4174679219722748,0.24000494182109833,-0.16776533424854279,0.4356253147125244,0.24174875020980835,-0.1528899371623993,0.41591161489486694,0.242237851023674,-0.15283775329589844,0.42569151520729065,0.3580973744392395,0.00024234727607108653,0.4051996171474457,0.361459344625473,-0.00016763046733103693,0.42364636063575745,0.4414594769477844,-0.05331959202885628,0.408668577671051,0.4443594515323639,0.022267360240221024,0.42339786887168884,0.5142083764076233,-0.009588820859789848,0.41953620314598083,0.49410480260849,0.16481542587280273,0.4230666756629944,0.5277230739593506,-0.0075423880480229855,0.418578565120697,0.49358779191970825,0.17827588319778442,0.4225638806819916,0.5443602800369263,-0.06622474640607834,0.41941675543785095,0.5243284106254578,0.15223346650600433
0218,./images/2/frame_00218.jpg,Normal,0.4014491140842438,0.23205572366714478,-0.11441252380609512,0.40159550309181213,0.2239541858434677,-0.11018119752407074,0.4026077389717102,0.22218473255634308,-0.11021456867456436,0.4035819172859192,0.2206498682498932,-0.1102621927857399,0.3985995650291443,0.22545181214809418,-0.11019919067621231,0.3976610600948334,0.2251177728176117,-0.11021158844232559,0.39653313159942627,0.22467723488807678,-0.11024954169988632,0.40518760681152344,0.2168455272912979,-0.06056937575340271,0.3941807150840759,0.22251728177070618,-0.05732547491788864,0.4043039381504059,0.2347998470067978,-0.09288521856069565,0.40051382780075073,0.23588979244232178,-0.09207423031330109,0.4256814420223236,0.23090878129005432,-0.010362407192587852,0.38850972056388855,0.25287100672721863,-0.048267487436532974,0.45113450288772583,0.23089398443698883,-0.0687374696135521,0.40042781829833984,0.2938125729560852,-0.1166730523109436,0.46032366156578064,0.2130693793296814,-0.1564231514930725,0.41348251700401306,0.24678833782672882,-0.1889459192752838,0.46324771642684937,0.20402881503105164,-0.17339129745960236,0.4184149205684662,0.23917929828166962,-0.20685049891471863,0.45702019333839417,0.20287364721298218,-0.17296817898750305,0.4171234965324402,0.2349543422460556,-0.20325806736946106,0.4578375220298767,0.20960642397403717,-0.15927138924598694,0.4156458377838135,0.23777461051940918,-0.18882867693901062,0.42584967613220215,0.3542846441268921,5.73922079638578e-05,0.40517252683639526,0.3569503426551819,2.4849956389516592e-05,0.42385464906692505,0.44087502360343933,-0.04760238155722618,0.40819042921066284,0.4428573250770569,0.025805514305830002,0.4230108857154846,0.5160460472106934,-0.01351192593574524,0.4195192754268646,0.4950980842113495,0.16143062710762024,0.4229193329811096,0.5294272303581238,-0.01294755470007658,0.41984090209007263,0.4967961311340332,0.1736454963684082,0.4219522476196289,0.5447088479995728,-0.07382650673389435,0.4191734194755554,0.5270037055015564,0.14639346301555634
0219,./images/2/frame_00219.jpg,Warning,0.401456356048584,0.2282232940196991,-0.10587020218372345,0.4014759659767151,0.21988356113433838,-0.10180691629648209,0.40245112776756287,0.21812523901462555,-0.101851686835289,0.40343141555786133,0.216144859790802,-0.1019074097275734,0.398619145154953,0.22183173894882202,-0.10085859149694443,0.39766794443130493,0.22157175838947296,-0.10085839033126831,0.39652788639068604,0.22120365500450134,-0.10089574754238129,0.4052145481109619,0.21187251806259155,-0.053441546857357025,0.3939897119998932,0.21829821169376373,-0.04556160420179367,0.4043239653110504,0.2303226739168167,-0.08480311930179596,0.40056031942367554,0.23191829025745392,-0.0826796218752861,0.42554226517677307,0.22679996490478516,-0.007585830986499786,0.388542503118515,0.2490433007478714,-0.03784159943461418,0.4511488080024719,0.22624041140079498,-0.07272403687238693,0.40194112062454224,0.2831789553165436,-0.11426039785146713,0.4556798040866852,0.21403218805789948,-0.1600256860256195,0.41620001196861267,0.23968861997127533,-0.17237403988838196,0.46158701181411743,0.2096666395664215,-0.17767569422721863,0.421844482421875,0.23253490030765533,-0.19014884531497955,0.4521486759185791,0.20795872807502747,-0.1761123239994049,0.4192589223384857,0.22847139835357666,-0.18548157811164856,0.4520779252052307,0.21297922730445862,-0.1624126136302948,0.4181996285915375,0.23157547414302826,-0.17180293798446655,0.42587465047836304,0.3528958559036255,-0.0008038057130761445,0.4051647186279297,0.3546923100948334,0.0008836755296215415,0.4237886965274811,0.4412219226360321,-0.04512877017259598,0.4078806936740875,0.4428793489933014,0.019418198615312576,0.4224185049533844,0.5163626670837402,0.0016060138586908579,0.4195229411125183,0.4959394633769989,0.14817818999290466,0.4223814010620117,0.528372585773468,0.004008198622614145,0.4188888669013977,0.4965386688709259,0.15991587936878204,0.42144495248794556,0.5455294847488403,-0.05418365076184273,0.41890639066696167,0.5283796191215515,0.1254531890153885
0220,./images/2/frame_00220.jpg,Warning,0.4014948010444641,0.22151024639606476,-0.10522744804620743,0.40152835845947266,0.21269217133522034,-0.09965052455663681,0.40249818563461304,0.21123312413692474,-0.09968743473291397,0.4034806787967682,0.20963558554649353,-0.09973551332950592,0.3986664116382599,0.21468378603458405,-0.09977297484874725,0.39769333600997925,0.21456599235534668,-0.09977224469184875,0.3965380787849426,0.21441952884197235,-0.09980912506580353,0.4053012430667877,0.20663882791996002,-0.04890630394220352,0.39405450224876404,0.21293824911117554,-0.04589067026972771,0.4043677747249603,0.22467009723186493,-0.08382111042737961,0.4005839228630066,0.2261427789926529,-0.0830603688955307,0.4256388247013092,0.22589097917079926,-0.00852539949119091,0.3885926604270935,0.24364140629768372,-0.03827514126896858,0.4513421952724457,0.2229291945695877,-0.08932049572467804,0.4012780785560608,0.2736484408378601,-0.11991818249225616,0.4548875391483307,0.2066868394613266,-0.19094428420066833,0.41514158248901367,0.23409415781497955,-0.19118176400661469,0.45614784955978394,0.19734196364879608,-0.2110557109117508,0.41983261704444885,0.2258942425251007,-0.2110459804534912,0.4502655565738678,0.19798782467842102,-0.20625951886177063,0.4182125926017761,0.22303862869739532,-0.20628531277179718,0.4499690532684326,0.20344391465187073,-0.1923763006925583,0.4172286093235016,0.22614051401615143,-0.1912255585193634,0.4259357452392578,0.35152366757392883,0.0002041490952251479,0.4047240614891052,0.35367414355278015,-0.00013750615471508354,0.42381852865219116,0.4406975507736206,-0.044383373111486435,0.4063422679901123,0.4422016441822052,0.009859157726168633,0.422365665435791,0.5155683159828186,0.011523738503456116,0.41859835386276245,0.4970642030239105,0.14172333478927612,0.4225076138973236,0.5270556807518005,0.014737077057361603,0.4189079701900482,0.4981473684310913,0.15360021591186523,0.4211715757846832,0.5465458631515503,-0.04326428472995758,0.4180869162082672,0.5283974409103394,0.11802087724208832
0221,./images/2/frame_00221.jpg,Warning,0.40151888132095337,0.21886444091796875,-0.10100474208593369,0.4015541672706604,0.21058905124664307,-0.09403644502162933,0.4025280475616455,0.20904189348220825,-0.0940718725323677,0.403511106967926,0.20762625336647034,-0.09411422908306122,0.398704469203949,0.21237507462501526,-0.0952272117137909,0.39775049686431885,0.21240493655204773,-0.09522552788257599,0.39661040902137756,0.21237635612487793,-0.09526465088129044,0.4053667485713959,0.204872727394104,-0.04116734117269516,0.3940773606300354,0.21110016107559204,-0.042983900755643845,0.4044007360935211,0.22248992323875427,-0.079258032143116,0.4005914330482483,0.22424782812595367,-0.07989770174026489,0.4256700575351715,0.22582070529460907,-0.006188292056322098,0.38882583379745483,0.24234256148338318,-0.044444840401411057,0.4510045051574707,0.22096258401870728,-0.0954144150018692,0.4010690748691559,0.2634981870651245,-0.13370764255523682,0.45309457182884216,0.21319016814231873,-0.20338332653045654,0.4168863296508789,0.22877493500709534,-0.20478856563568115,0.4543345868587494,0.20661836862564087,-0.22486639022827148,0.4218612611293793,0.22149211168289185,-0.22578315436840057,0.4496455788612366,0.20621635019779205,-0.22217130661010742,0.4207204282283783,0.21848034858703613,-0.22045812010765076,0.44888877868652344,0.2101294994354248,-0.20597591996192932,0.41949814558029175,0.22110170125961304,-0.20484475791454315,0.425934374332428,0.3503393530845642,0.001951729878783226,0.4047817289829254,0.35276660323143005,-0.0018913947278633714,0.4239078462123871,0.43992993235588074,-0.04524799808859825,0.40555232763290405,0.4406399726867676,0.004663241561502218,0.42254558205604553,0.5141937732696533,0.01382110733538866,0.4171358048915863,0.49729448556900024,0.13130076229572296,0.42270413041114807,0.5221778154373169,0.016746852546930313,0.4186950623989105,0.49977052211761475,0.14219743013381958,0.4214918613433838,0.5452210903167725,-0.041231460869312286,0.41743797063827515,0.5283647179603577,0.10254542529582977
0222,./images/2/frame_00222.jpg,Warning,0.4021517336368561,0.21283136308193207,-0.0678655356168747,0.40159788727760315,0.20518288016319275,-0.06698359549045563,0.40231451392173767,0.20439457893371582,-0.06700856983661652,0.4026740491390228,0.2035655528306961,-0.06705006957054138,0.400252103805542,0.2059442549943924,-0.06978732347488403,0.399915486574173,0.2056223601102829,-0.06977926194667816,0.3994719088077545,0.20531058311462402,-0.06981417536735535,0.40344327688217163,0.20280076563358307,-0.03929828479886055,0.396428644657135,0.2091977447271347,-0.048546936362981796,0.40424442291259766,0.21826907992362976,-0.054987818002700806,0.40246909856796265,0.21933329105377197,-0.05846675485372543,0.41504716873168945,0.22709983587265015,-0.009171777404844761,0.4032285213470459,0.2390652596950531,-0.05266432836651802,0.43544626235961914,0.22522544860839844,-0.08454285562038422,0.4118831753730774,0.24678708612918854,-0.13786263763904572,0.4414101541042328,0.19169974327087402,-0.17083466053009033,0.4258247911930084,0.2203914374113083,-0.22341568768024445,0.4429299831390381,0.17890121042728424,-0.18996049463748932,0.43004584312438965,0.2132992148399353,-0.2459031343460083,0.4421378970146179,0.17966243624687195,-0.18860596418380737,0.4294048845767975,0.2119908183813095,-0.2416517734527588,0.4414096474647522,0.18557874858379364,-0.1741262674331665,0.42805004119873047,0.21586592495441437,-0.2245817631483078,0.4195411801338196,0.3507365882396698,0.005166195333003998,0.41432181000709534,0.3512503206729889,-0.005192920099943876,0.41577666997909546,0.4390023946762085,-0.008109820075333118,0.4124305248260498,0.43835699558258057,0.0020528798922896385,0.4212725758552551,0.514060914516449,0.04228382557630539,0.41725674271583557,0.500584602355957,0.0701168105006218,0.42176976799964905,0.5227364897727966,0.04388425499200821,0.4186985492706299,0.5045629739761353,0.07472319155931473,0.42069941759109497,0.5448093414306641,-0.00933238584548235,0.4176389276981354,0.5294902324676514,0.031314022839069366
0223,./images/2/frame_00223.jpg,Warning,0.4021557867527008,0.20964349806308746,-0.10796868801116943,0.4016994535923004,0.20081228017807007,-0.1000780314207077,0.4024883210659027,0.19980861246585846,-0.10007528960704803,0.40301403403282166,0.19873417913913727,-0.10009807348251343,0.4002324938774109,0.20196272432804108,-0.09903870522975922,0.3998696208000183,0.20181496441364288,-0.09901531785726547,0.3993844985961914,0.20166949927806854,-0.09905381500720978,0.4045988619327545,0.1976763904094696,-0.049076832830905914,0.3964148461818695,0.20331592857837677,-0.05066026374697685,0.4043281078338623,0.21489423513412476,-0.08837506920099258,0.40243807435035706,0.21670517325401306,-0.08691053092479706,0.4208456575870514,0.22316019237041473,-0.023165401071310043,0.4029572606086731,0.23911745846271515,-0.05399864912033081,0.44408899545669556,0.21949920058250427,-0.11721616983413696,0.39900046586990356,0.2532603442668915,-0.13638541102409363,0.44199609756469727,0.1824912428855896,-0.21135421097278595,0.42113202810287476,0.224946528673172,-0.20967014133930206,0.4442313313484192,0.17455454170703888,-0.23169033229351044,0.425999253988266,0.2196570783853531,-0.22955186665058136,0.4426811635494232,0.1737378090620041,-0.22482863068580627,0.425382524728775,0.2150850147008896,-0.2247770130634308,0.44209790229797363,0.17723935842514038,-0.21185994148254395,0.42371517419815063,0.21930760145187378,-0.2098858803510666,0.42040663957595825,0.34944137930870056,0.004080732353031635,0.4111996591091156,0.35003358125686646,-0.00409459974616766,0.4199875295162201,0.4389079213142395,-0.03684770315885544,0.40821319818496704,0.43564707040786743,0.03038027510046959,0.42160406708717346,0.5167987942695618,0.006534404121339321,0.4125540852546692,0.4982064962387085,0.16605451703071594,0.42187222838401794,0.525945782661438,0.007784719578921795,0.41432493925094604,0.5037307739257812,0.1779603660106659,0.4208495616912842,0.5472534894943237,-0.05557786673307419,0.412943035364151,0.5277462601661682,0.14206495881080627
0224,./images/2/frame_00224.jpg,Warning,0.4026525914669037,0.20764696598052979,-0.10256139189004898,0.4020942151546478,0.19940891861915588,-0.09579923003911972,0.40270715951919556,0.19874250888824463,-0.09581881016492844,0.4031258225440979,0.1979282945394516,-0.09584654867649078,0.4008948802947998,0.19985149800777435,-0.09406532347202301,0.40035486221313477,0.19996517896652222,-0.09405158460140228,0.399797260761261,0.1998448669910431,-0.0940839871764183,0.4046735167503357,0.19737234711647034,-0.04906827211380005,0.39776086807250977,0.20167221128940582,-0.04111223667860031,0.4044891893863678,0.21380659937858582,-0.08418653160333633,0.40306544303894043,0.2149691879749298,-0.08166395872831345,0.42150917649269104,0.22386042773723602,-0.022923806682229042,0.3989228308200836,0.2394183725118637,-0.035761501640081406,0.4449969232082367,0.21675533056259155,-0.10275055468082428,0.39805763959884644,0.2515753507614136,-0.11029233038425446,0.44303154945373535,0.1800309270620346,-0.1797245591878891,0.42014747858047485,0.22358793020248413,-0.1833881437778473,0.4427594244480133,0.17235516011714935,-0.19832691550254822,0.4246903955936432,0.21915650367736816,-0.20172400772571564,0.44075924158096313,0.17239007353782654,-0.19233736395835876,0.4235928952693939,0.21527411043643951,-0.1976086050271988,0.4420088231563568,0.1768716424703598,-0.17998996376991272,0.4227331280708313,0.21971571445465088,-0.18397307395935059,0.42033737897872925,0.34896573424339294,-0.0029660845175385475,0.41046541929244995,0.34920212626457214,0.0029830834828317165,0.419398695230484,0.4349270164966583,-0.025240978226065636,0.4089741110801697,0.430785208940506,0.029848318547010422,0.4203483462333679,0.5158488154411316,0.010697766207158566,0.41189807653427124,0.4978824555873871,0.12732744216918945,0.41991347074508667,0.5254755020141602,0.014692293480038643,0.41207560896873474,0.5034016370773315,0.13431142270565033,0.4190518260002136,0.5457370281219482,-0.04561858996748924,0.4102025032043457,0.5261747241020203,0.0921354740858078
0225,./images/2/frame_00225.jpg,Warning,0.40235695242881775,0.20617292821407318,-0.1101134791970253,0.40210381150245667,0.1980215460062027,-0.10268296301364899,0.40279650688171387,0.19729648530483246,-0.10268688201904297,0.4034487307071686,0.19640998542308807,-0.10270379483699799,0.40043550729751587,0.19870594143867493,-0.09682678431272507,0.39965173602104187,0.1987140029668808,-0.0967632532119751,0.39881280064582825,0.19865953922271729,-0.09677732735872269,0.4058009684085846,0.19581283628940582,-0.05956623703241348,0.39762312173843384,0.20070499181747437,-0.045875102281570435,0.40450191497802734,0.21231164038181305,-0.09352397173643112,0.4025126099586487,0.21335366368293762,-0.08824565261602402,0.42458730936050415,0.22349150478839874,-0.042732104659080505,0.3982744812965393,0.23836980760097504,-0.038871098309755325,0.44760435819625854,0.21614763140678406,-0.13575385510921478,0.3881611227989197,0.24028556048870087,-0.11312872171401978,0.4434540271759033,0.18318185210227966,-0.2153846025466919,0.40938228368759155,0.21385377645492554,-0.18487153947353363,0.44315609335899353,0.17157943546772003,-0.2352604866027832,0.4150593876838684,0.21216392517089844,-0.20345354080200195,0.4394401013851166,0.17124566435813904,-0.22736778855323792,0.4184874892234802,0.2107878178358078,-0.1988523155450821,0.4398833215236664,0.1780429631471634,-0.21482186019420624,0.41523727774620056,0.21060511469841003,-0.18537814915180206,0.4222492277622223,0.3488074243068695,-0.00928273145109415,0.4083172380924225,0.348935067653656,0.009337319061160088,0.42287594079971313,0.435027152299881,-0.0255279578268528,0.4052433967590332,0.42803069949150085,0.0667552798986435,0.42215657234191895,0.517367959022522,-0.0033727276604622602,0.4075348377227783,0.4955125153064728,0.17595456540584564,0.42074185609817505,0.5273700952529907,-0.0039086248725652695,0.40920495986938477,0.5026863813400269,0.18431618809700012,0.4191267490386963,0.5467446446418762,-0.06877890229225159,0.3993151783943176,0.5216773748397827,0.1447397619485855
0226,./images/2/frame_00226.jpg,Warning,0.4016683101654053,0.20353341102600098,-0.11598177254199982,0.4021065831184387,0.1945684850215912,-0.10890652984380722,0.4029453694820404,0.19370520114898682,-0.108913853764534,0.4040142893791199,0.19272296130657196,-0.10893955081701279,0.3992754817008972,0.19542178511619568,-0.10308277606964111,0.39808419346809387,0.19533735513687134,-0.10303342342376709,0.3968086838722229,0.195235937833786,-0.10304461419582367,0.40712863206863403,0.19227059185504913,-0.06591279059648514,0.39621207118034363,0.19779866933822632,-0.04776681214570999,0.40446215867996216,0.20997628569602966,-0.09951871633529663,0.40098509192466736,0.2106562703847885,-0.09367629140615463,0.42713165283203125,0.22223159670829773,-0.04744777828454971,0.3949931263923645,0.23701974749565125,-0.03637560084462166,0.4513595700263977,0.21662813425064087,-0.1337134838104248,0.3825790286064148,0.23425011336803436,-0.10905963182449341,0.4438020586967468,0.1772000640630722,-0.20580124855041504,0.39254266023635864,0.19391638040542603,-0.1829129457473755,0.44336310029029846,0.16901549696922302,-0.22401472926139832,0.3946792185306549,0.18433330953121185,-0.2016928493976593,0.4403623044490814,0.16403323411941528,-0.21628591418266296,0.3967818319797516,0.1837887167930603,-0.19722317159175873,0.4401845932006836,0.17142611742019653,-0.20492151379585266,0.39687633514404297,0.18882790207862854,-0.18402361869812012,0.42476707696914673,0.3488622009754181,-0.011206272058188915,0.4066348075866699,0.34875398874282837,0.011258495971560478,0.42654696106910706,0.43523624539375305,-0.025760751217603683,0.4029765725135803,0.42702898383140564,0.0836276262998581,0.42468467354774475,0.5182201266288757,0.0048649427480995655,0.40511608123779297,0.49552297592163086,0.19860950112342834,0.42308753728866577,0.5280976891517639,0.004881628323346376,0.4075039327144623,0.5034995675086975,0.2072465866804123,0.4205537438392639,0.5481635332107544,-0.060994695872068405,0.3957102298736572,0.5215772390365601,0.1647157073020935
0227,./images/2/frame_00227.jpg,Warning,0.4010450839996338,0.2015737146139145,-0.1019112691283226,0.4021017551422119,0.1922578364610672,-0.09496987611055374,0.40305814146995544,0.1916668713092804,-0.09498932212591171,0.40438732504844666,0.1909782439470291,-0.09500500559806824,0.3985520601272583,0.19249460101127625,-0.09210933744907379,0.39723068475723267,0.1921626478433609,-0.09210053831338882,0.39583295583724976,0.19179852306842804,-0.09213864058256149,0.4077032208442688,0.1907966434955597,-0.04908120259642601,0.3953491449356079,0.19478924572467804,-0.035130903124809265,0.40436291694641113,0.20813500881195068,-0.08396239578723907,0.39973947405815125,0.20871438086032867,-0.07984335720539093,0.4273284077644348,0.22118739783763885,-0.029353713616728783,0.3924895226955414,0.23548246920108795,-0.026577135547995567,0.4460672438144684,0.22170227766036987,-0.08709380775690079,0.3919774293899536,0.23747900128364563,-0.088712178170681,0.4278971254825592,0.2170635163784027,-0.1444530040025711,0.41211628913879395,0.21243435144424438,-0.14983771741390228,0.42359986901283264,0.21430328488349915,-0.15916673839092255,0.41674408316612244,0.20531795918941498,-0.16859392821788788,0.42060932517051697,0.20976392924785614,-0.15529468655586243,0.4161905348300934,0.2031337320804596,-0.16344930231571198,0.4212942123413086,0.2118273824453354,-0.14407852292060852,0.4153994917869568,0.20673805475234985,-0.14950893819332123,0.42637163400650024,0.3491005301475525,-0.010487524792551994,0.4058769643306732,0.3492994010448456,0.010552828200161457,0.42817702889442444,0.4358253479003906,-0.04230668768286705,0.4018482565879822,0.4279109239578247,0.06425441056489944,0.42617154121398926,0.5197857022285461,-0.009798978455364704,0.40412193536758423,0.495827317237854,0.1822424829006195,0.4243348240852356,0.5294024348258972,-0.009890327230095863,0.4071706235408783,0.5044176578521729,0.19169339537620544,0.4219736158847809,0.5502251386642456,-0.0759223997592926,0.3955644965171814,0.5220082402229309,0.15163841843605042
0228,./images/2/frame_00228.jpg,Warning,0.40063032507896423,0.20080184936523438,-0.10378564894199371,0.4020390510559082,0.1922254115343094,-0.09819904714822769,0.40306854248046875,0.1917676329612732,-0.09822309762239456,0.40444689989089966,0.19122721254825592,-0.09825151413679123,0.398127943277359,0.19259092211723328,-0.0960668995976448,0.3967896103858948,0.19249264895915985,-0.09606043994426727,0.3953770697116852,0.19242750108242035,-0.09609753638505936,0.4078797698020935,0.19163137674331665,-0.051978010684251785,0.3948616683483124,0.19609016180038452,-0.03958380967378616,0.40414586663246155,0.207632914185524,-0.08561070263385773,0.39903634786605835,0.20840217173099518,-0.08254601061344147,0.4274148941040039,0.22147032618522644,-0.02686263993382454,0.39119336009025574,0.23671069741249084,-0.03152471035718918,0.448375403881073,0.22148753702640533,-0.09500730037689209,0.3972039818763733,0.2729633152484894,-0.09796272218227386,0.4435362219810486,0.19655844569206238,-0.17974434792995453,0.4150627553462982,0.21327970921993256,-0.16714780032634735,0.44390207529067993,0.18578678369522095,-0.19915637373924255,0.42108574509620667,0.21162395179271698,-0.1863829344511032,0.4395357668399811,0.1853477507829666,-0.19345253705978394,0.41881242394447327,0.20957821607589722,-0.18184694647789001,0.4398978650569916,0.190743550658226,-0.180205300450325,0.41747361421585083,0.2128552496433258,-0.16727182269096375,0.4285603165626526,0.35010960698127747,-0.01120815984904766,0.4058593213558197,0.3502737879753113,0.011288153007626534,0.4293350279331207,0.43909019231796265,-0.042856279760599136,0.4011218547821045,0.4284379184246063,0.06982506811618805,0.4277791976928711,0.5210899710655212,-0.00631313631311059,0.40334540605545044,0.49595654010772705,0.19573643803596497,0.4261029362678528,0.5304276943206787,-0.0061615267768502235,0.4068821370601654,0.504359245300293,0.20631936192512512,0.4236050546169281,0.5507717728614807,-0.07104673981666565,0.39529183506965637,0.5224255919456482,0.16861598193645477
0229,./images/2/frame_00229.jpg,Warning,0.3997707962989807,0.19946880638599396,-0.10534205287694931,0.40188369154930115,0.19101068377494812,-0.09969909489154816,0.40307602286338806,0.19078585505485535,-0.09972284734249115,0.40447697043418884,0.1905076801776886,-0.09975405782461166,0.3976896405220032,0.1907382756471634,-0.09751728177070618,0.3964197039604187,0.1904066503047943,-0.09751085937023163,0.3950861096382141,0.1901221126317978,-0.0975404754281044,0.4081849455833435,0.1913207769393921,-0.053795766085386276,0.39486509561538696,0.194025456905365,-0.03964603692293167,0.4034913182258606,0.20645594596862793,-0.08584672957658768,0.39807337522506714,0.20673921704292297,-0.08390653878450394,0.4276084303855896,0.22180692851543427,-0.03508604317903519,0.39091065526008606,0.23742499947547913,-0.025006800889968872,0.4500815272331238,0.22323057055473328,-0.11462362855672836,0.39846882224082947,0.28512564301490784,-0.08585827052593231,0.44086986780166626,0.19780458509922028,-0.18476614356040955,0.4159488081932068,0.22743894159793854,-0.1555108278989792,0.42991286516189575,0.187682643532753,-0.20343533158302307,0.4213339686393738,0.21905136108398438,-0.17450901865959167,0.4259653091430664,0.1866389811038971,-0.1940281093120575,0.42015987634658813,0.2142534703016281,-0.1681920289993286,0.42677950859069824,0.192177876830101,-0.18265576660633087,0.41766947507858276,0.2181762009859085,-0.15476076304912567,0.4290417730808258,0.35226792097091675,-0.015636321157217026,0.4058912396430969,0.3523414731025696,0.015707869082689285,0.42984461784362793,0.4403986930847168,-0.04119487106800079,0.4007970690727234,0.4293414354324341,0.08203156292438507,0.42891359329223633,0.5227023363113403,-0.0013144866097718477,0.403383731842041,0.4966908395290375,0.20244280993938446,0.42742815613746643,0.5325709581375122,-0.0007167506264522672,0.4073004126548767,0.5054779648780823,0.2124936878681183,0.4242783486843109,0.5510240197181702,-0.0638323724269867,0.3939113914966583,0.5228310823440552,0.17573483288288116
0230,./images/2/frame_00230.jpg,Warning,0.39973801374435425,0.20180916786193848,-0.10565322637557983,0.40177908539772034,0.19331245124340057,-0.10009270906448364,0.4030686020851135,0.19286809861660004,-0.10011281818151474,0.40448036789894104,0.19236895442008972,-0.10013933479785919,0.39766693115234375,0.193411186337471,-0.09744419157505035,0.39645880460739136,0.1931392401456833,-0.0974353775382042,0.39517584443092346,0.19289067387580872,-0.09745784103870392,0.40857142210006714,0.19265305995941162,-0.06695656478404999,0.3952600061893463,0.19600096344947815,-0.04039662331342697,0.40351882576942444,0.20831620693206787,-0.08758826553821564,0.3983154892921448,0.20858468115329742,-0.08368642628192902,0.42997246980667114,0.22214709222316742,-0.05430378392338753,0.3914879262447357,0.23873202502727509,-0.01755174621939659,0.4508850574493408,0.2286008596420288,-0.13715185225009918,0.39827418327331543,0.2903054654598236,-0.07872633635997772,0.4273248612880707,0.2039804905653,-0.1950332224369049,0.4085139334201813,0.23990696668624878,-0.1607804000377655,0.419482558965683,0.19333818554878235,-0.2123541533946991,0.41827455163002014,0.23086418211460114,-0.18014773726463318,0.4165617525577545,0.1908707469701767,-0.20049414038658142,0.41326746344566345,0.22531089186668396,-0.1735621839761734,0.4181363582611084,0.19668878614902496,-0.19152937829494476,0.4114658832550049,0.22942596673965454,-0.16056223213672638,0.4301731586456299,0.35618099570274353,-0.02195972390472889,0.4065348505973816,0.3557435870170593,0.022023148834705353,0.43061694502830505,0.4436275064945221,-0.029448946937918663,0.4007844924926758,0.4312365651130676,0.09114452451467514,0.42973846197128296,0.5258470177650452,0.008458261378109455,0.4039301872253418,0.4983137845993042,0.20390653610229492,0.42903369665145874,0.536952555179596,0.009232351556420326,0.40776386857032776,0.5078122615814209,0.21344318985939026,0.4242173731327057,0.5528717637062073,-0.04972328245639801,0.3937709629535675,0.524870753288269,0.18119719624519348
0231,./images/2/frame_00231.jpg,Warning,0.39981532096862793,0.20292356610298157,-0.10639341920614243,0.40216773748397827,0.19434820115566254,-0.10014275461435318,0.4037778377532959,0.193645179271698,-0.10015340894460678,0.4054643213748932,0.1927623748779297,-0.10017740726470947,0.39770299196243286,0.194703608751297,-0.09780208766460419,0.39651674032211304,0.19443485140800476,-0.09779272973537445,0.39524704217910767,0.1941673308610916,-0.09783019125461578,0.40973061323165894,0.19356563687324524,-0.06679629534482956,0.39536815881729126,0.1966034173965454,-0.041575707495212555,0.40381965041160583,0.2087104767560959,-0.08899993449449539,0.3984214663505554,0.20912982523441315,-0.0844355970621109,0.430408239364624,0.22490520775318146,-0.044966623187065125,0.39141592383384705,0.24242550134658813,-0.021452974528074265,0.4586988091468811,0.23656532168388367,-0.1288692057132721,0.39825013279914856,0.29819828271865845,-0.08594699203968048,0.44135624170303345,0.20390968024730682,-0.19106757640838623,0.40823894739151,0.24695757031440735,-0.1626097559928894,0.43854832649230957,0.19357579946517944,-0.2079794853925705,0.41566380858421326,0.2372996211051941,-0.18179556727409363,0.43556737899780273,0.19151727855205536,-0.196287602186203,0.4123753607273102,0.23081393539905548,-0.17698843777179718,0.4359924793243408,0.19712607562541962,-0.1871708333492279,0.410785049200058,0.23451641201972961,-0.1633717566728592,0.4316442906856537,0.3583458364009857,-0.021036315709352493,0.40700656175613403,0.3579060733318329,0.02110610343515873,0.43091002106666565,0.44588035345077515,-0.030880505219101906,0.40005406737327576,0.43383097648620605,0.09092849493026733,0.4307551383972168,0.5299354791641235,0.00024242904328275472,0.4042343497276306,0.49961966276168823,0.20811453461647034,0.4307979643344879,0.542486310005188,9.815669909585267e-05,0.4082028865814209,0.5089631080627441,0.21808966994285583,0.42420539259910583,0.5557210445404053,-0.05967474728822708,0.3926013708114624,0.5261141657829285,0.18620647490024567
0232,./images/2/frame_00232.jpg,Warning,0.39986652135849,0.20790094137191772,-0.10400979220867157,0.40214163064956665,0.19981485605239868,-0.10059944540262222,0.40377384424209595,0.19928735494613647,-0.10061458498239517,0.4054456651210785,0.19870199263095856,-0.10064496845006943,0.3977423310279846,0.20083868503570557,-0.09542582929134369,0.396553635597229,0.20123688876628876,-0.09541933983564377,0.39527034759521484,0.20163515210151672,-0.09544255584478378,0.4098697602748871,0.1993476003408432,-0.07050862163305283,0.3959897458553314,0.2042943686246872,-0.03905720263719559,0.40424594283103943,0.21375826001167297,-0.08932142704725266,0.3984408974647522,0.2143678516149521,-0.08186988532543182,0.4312792420387268,0.23172996938228607,-0.053142525255680084,0.3919360041618347,0.24849244952201843,-0.01443114411085844,0.4575880169868469,0.24988223612308502,-0.1328231543302536,0.39819300174713135,0.30555033683776855,-0.07728495448827744,0.4396461844444275,0.22107893228530884,-0.2014833688735962,0.4072658121585846,0.25864437222480774,-0.16582082211971283,0.4354964792728424,0.2107590138912201,-0.21954552829265594,0.41446271538734436,0.24920403957366943,-0.18226349353790283,0.4322679042816162,0.20797833800315857,-0.2095537930727005,0.4121027886867523,0.24339725077152252,-0.18048952519893646,0.4328860342502594,0.21339935064315796,-0.19884711503982544,0.4108878970146179,0.24511688947677612,-0.16632278263568878,0.43147072196006775,0.36551353335380554,-0.024484820663928986,0.407611608505249,0.36481553316116333,0.024536382406949997,0.4315231740474701,0.4516065716743469,-0.039298977702856064,0.39864063262939453,0.43894609808921814,0.08205941319465637,0.4324007034301758,0.5326197743415833,0.009043851867318153,0.4046753942966461,0.5003129243850708,0.21267187595367432,0.4336892068386078,0.5453092455863953,0.011424066498875618,0.4095086455345154,0.5089249610900879,0.2242881953716278,0.42417940497398376,0.5597262382507324,-0.049656257033348083,0.39385536313056946,0.5274993181228638,0.19402451813220978
0233,./images/2/frame_00233.jpg,Warning,0.40063291788101196,0.21557286381721497,-0.10497774928808212,0.4024012088775635,0.20661814510822296,-0.10147695243358612,0.40403303503990173,0.2058434784412384,-0.10148943960666656,0.4057205617427826,0.20520439743995667,-0.10152477025985718,0.39818674325942993,0.2085680067539215,-0.09573674947023392,0.3970307409763336,0.2093951404094696,-0.09575200825929642,0.39576417207717896,0.21029281616210938,-0.09577515721321106,0.41013097763061523,0.20666302740573883,-0.06791172921657562,0.3963228464126587,0.2137650102376938,-0.04016717150807381,0.40533190965652466,0.22149623930454254,-0.09020833671092987,0.3994816243648529,0.22307457029819489,-0.08210697770118713,0.43203553557395935,0.23941181600093842,-0.044850677251815796,0.3919663727283478,0.2577875852584839,-0.019556913524866104,0.45947352051734924,0.2572341561317444,-0.12075266987085342,0.3980785012245178,0.3159187138080597,-0.08355601876974106,0.4479060173034668,0.22172953188419342,-0.2003527134656906,0.4077726900577545,0.2693217992782593,-0.18043014407157898,0.44587668776512146,0.2119406759738922,-0.21946044266223907,0.41468533873558044,0.25839537382125854,-0.2011532485485077,0.44303837418556213,0.20926448702812195,-0.21096596121788025,0.41257232427597046,0.252118319272995,-0.1956578642129898,0.4419921338558197,0.2151186615228653,-0.19906392693519592,0.41119903326034546,0.25513139367103577,-0.1806163787841797,0.43265587091445923,0.37071290612220764,-0.021101316437125206,0.4081968367099762,0.371950626373291,0.021158047020435333,0.43237894773483276,0.45607322454452515,-0.04660089686512947,0.3989025056362152,0.44659242033958435,0.05651244521141052,0.43342962861061096,0.5335555076599121,0.025616195052862167,0.4074215888977051,0.5005060434341431,0.20607487857341766,0.43429094552993774,0.545174241065979,0.030600979924201965,0.4125588834285736,0.5088520646095276,0.21978750824928284,0.42518630623817444,0.5616300106048584,-0.029735669493675232,0.39815089106559753,0.5301488637924194,0.18806087970733643
0234,./images/2/frame_00234.jpg,Warning,0.4009645879268646,0.22384703159332275,-0.10516379773616791,0.40259236097335815,0.21420744061470032,-0.10166148841381073,0.4043101370334625,0.213775172829628,-0.10167429596185684,0.4060993194580078,0.21336621046066284,-0.10171835124492645,0.3984266221523285,0.21574756503105164,-0.09630981832742691,0.39732271432876587,0.21648482978343964,-0.09631536900997162,0.3961138129234314,0.21729297935962677,-0.09634148329496384,0.410794734954834,0.21508240699768066,-0.06656123697757721,0.3967607617378235,0.22103649377822876,-0.04034559056162834,0.40604323148727417,0.23036310076713562,-0.09028572589159012,0.4002281129360199,0.23160265386104584,-0.08285203576087952,0.43314623832702637,0.24347931146621704,-0.041956283152103424,0.39195170998573303,0.26480934023857117,-0.01725679822266102,0.4621039927005768,0.25776925683021545,-0.11545620858669281,0.3980030119419098,0.3250892162322998,-0.08014633506536484,0.4502227306365967,0.230264812707901,-0.1980433613061905,0.4080628454685211,0.28117644786834717,-0.1805170476436615,0.44930076599121094,0.22312279045581818,-0.21684277057647705,0.41472846269607544,0.2710344195365906,-0.20187953114509583,0.4451775550842285,0.22096338868141174,-0.2088109254837036,0.4125062823295593,0.2635357081890106,-0.19559036195278168,0.44335833191871643,0.22568829357624054,-0.19687369465827942,0.41112956404685974,0.2659693658351898,-0.1805594265460968,0.43372684717178345,0.3752879202365875,-0.02088075503706932,0.40881428122520447,0.37653106451034546,0.02093581296503544,0.43253716826438904,0.46219828724861145,-0.05098981410264969,0.3983430862426758,0.4542662799358368,0.045465774834156036,0.43396568298339844,0.535094678401947,0.027013998478651047,0.4093025326728821,0.502143919467926,0.20055842399597168,0.43517136573791504,0.5468933582305908,0.03249005228281021,0.4143730103969574,0.5086104869842529,0.21435871720314026,0.4254389703273773,0.5659255385398865,-0.02436140738427639,0.40086740255355835,0.5336799025535583,0.18779948353767395
0235,./images/2/frame_00235.jpg,Warning,0.4012284278869629,0.23220568895339966,-0.10494878143072128,0.40282583236694336,0.22232532501220703,-0.10132162272930145,0.40457016229629517,0.22148117423057556,-0.10133886337280273,0.40638527274131775,0.2207520306110382,-0.10138484090566635,0.3986206352710724,0.2250155359506607,-0.0957411676645279,0.3974635899066925,0.22587767243385315,-0.09574835002422333,0.39621877670288086,0.22683675587177277,-0.09577055275440216,0.41116899251937866,0.22125786542892456,-0.065974660217762,0.39683225750923157,0.22847455739974976,-0.03526250272989273,0.40627336502075195,0.23673975467681885,-0.08959954977035522,0.40067258477211,0.23892126977443695,-0.08148544281721115,0.4339422285556793,0.24777767062187195,-0.0378793366253376,0.39208829402923584,0.2690339684486389,-0.008519727736711502,0.4630979895591736,0.2646704912185669,-0.11293026059865952,0.3964056074619293,0.3310486376285553,-0.06942123919725418,0.45070433616638184,0.2405296266078949,-0.2006884515285492,0.4058559536933899,0.2967405915260315,-0.17924749851226807,0.4475208818912506,0.24044585227966309,-0.21957066655158997,0.4103829264640808,0.2881271243095398,-0.20048347115516663,0.44333648681640625,0.23800477385520935,-0.21180880069732666,0.409842312335968,0.27625587582588196,-0.19435560703277588,0.44277071952819824,0.2410908192396164,-0.1993124783039093,0.4091640114784241,0.2807909846305847,-0.17929095029830933,0.43426719307899475,0.38078731298446655,-0.020624272525310516,0.409446656703949,0.3812640607357025,0.020670564845204353,0.4325874447822571,0.4675120413303375,-0.049803800880908966,0.39801427721977234,0.45799267292022705,0.02564319595694542,0.43377915024757385,0.5377458930015564,0.04034378007054329,0.4107590615749359,0.49954918026924133,0.1995781511068344,0.43507999181747437,0.5486408472061157,0.047300003468990326,0.4157739281654358,0.49917885661125183,0.21619994938373566,0.42555832862854004,0.5732020735740662,-0.006403609178960323,0.40904945135116577,0.5327492952346802,0.19843053817749023
0236,./images/2/frame_00236.jpg,Warning,0.4017050266265869,0.23889988660812378,-0.10617432743310928,0.40309229493141174,0.22885628044605255,-0.10202481597661972,0.4048159122467041,0.22774602472782135,-0.10204187780618668,0.40662139654159546,0.22670826315879822,-0.10208747535943985,0.3990094065666199,0.23194259405136108,-0.09580951929092407,0.39785248041152954,0.23271122574806213,-0.09583555161952972,0.3965861201286316,0.2335139960050583,-0.09585753083229065,0.4114964008331299,0.22569933533668518,-0.06370148062705994,0.39686843752861023,0.23386698961257935,-0.03490487486124039,0.4066365659236908,0.24238887429237366,-0.08966459333896637,0.401215136051178,0.24519798159599304,-0.08212300390005112,0.43448391556739807,0.25075864791870117,-0.032427918165922165,0.3921363353729248,0.27147743105888367,-0.003924634773284197,0.4657449722290039,0.27262625098228455,-0.10500866174697876,0.39442557096481323,0.3359234035015106,-0.054937027394771576,0.44919005036354065,0.25803372263908386,-0.19853481650352478,0.4013594686985016,0.31610995531082153,-0.16334226727485657,0.44553127884864807,0.25503644347190857,-0.21731579303741455,0.4017878472805023,0.30925828218460083,-0.18540701270103455,0.440255731344223,0.25164681673049927,-0.20964212715625763,0.404390424489975,0.2981358468532562,-0.18274559080600739,0.4417452812194824,0.2564953863620758,-0.19745826721191406,0.40444865822792053,0.2994990944862366,-0.1648741513490677,0.43412941694259644,0.381485253572464,-0.020746145397424698,0.4098599851131439,0.3821972608566284,0.02076083794236183,0.4324626922607422,0.468763142824173,-0.04865486919879913,0.3980940878391266,0.4608897864818573,0.0076859197579324245,0.4333391785621643,0.5369372367858887,0.04450863599777222,0.4127139151096344,0.48872122168540955,0.1982918232679367,0.4349920153617859,0.5474128127098083,0.051838845014572144,0.4178515076637268,0.48486509919166565,0.2136450558900833,0.4254191517829895,0.5718428492546082,0.0006071661482565105,0.4126685559749603,0.5263305306434631,0.20125789940357208
0237,./images/2/frame_00237.jpg,Warning,0.4019644856452942,0.24202482402324677,-0.1167682632803917,0.4031519889831543,0.232431560754776,-0.11309554427862167,0.4048400819301605,0.23129509389400482,-0.11310899257659912,0.40662574768066406,0.23023611307144165,-0.11314582824707031,0.3992503881454468,0.23527395725250244,-0.10681141912937164,0.3981552720069885,0.2359514683485031,-0.10683431476354599,0.396945983171463,0.23666812479496002,-0.10685163736343384,0.4115828573703766,0.22878964245319366,-0.07215221226215363,0.39713817834854126,0.23711594939231873,-0.04103972762823105,0.4068213105201721,0.2453986257314682,-0.09973409026861191,0.401644229888916,0.24728545546531677,-0.09107742458581924,0.4351556897163391,0.25538843870162964,-0.03471917286515236,0.39243561029434204,0.27399006485939026,-0.008807418867945671,0.4661974012851715,0.28114986419677734,-0.10669000446796417,0.39344102144241333,0.33714210987091064,-0.05108119919896126,0.45093870162963867,0.26144134998321533,-0.20674452185630798,0.3999754786491394,0.3305366635322571,-0.15667805075645447,0.44632869958877563,0.2561098337173462,-0.22794099152088165,0.4014039635658264,0.32619136571884155,-0.17800596356391907,0.44190865755081177,0.25546327233314514,-0.2201482057571411,0.40332144498825073,0.3179730772972107,-0.17814108729362488,0.44290345907211304,0.2582109570503235,-0.20568330585956573,0.40368396043777466,0.31902116537094116,-0.15917792916297913,0.4340198040008545,0.38239261507987976,-0.020729947835206985,0.41023582220077515,0.38355767726898193,0.02073521353304386,0.4322395920753479,0.4692755341529846,-0.04811473190784454,0.39813628792762756,0.4617783725261688,0.007643774151802063,0.43302392959594727,0.5376975536346436,0.048302266746759415,0.4148437976837158,0.4894651770591736,0.197356715798378,0.43455004692077637,0.548278272151947,0.05521919205784798,0.4206809401512146,0.4877464771270752,0.21369096636772156,0.4253665804862976,0.5719009041786194,0.001397793646901846,0.41467657685279846,0.5263856053352356,0.19889143109321594
0238,./images/2/frame_00238.jpg,Warning,0.40274256467819214,0.24503013491630554,-0.11634890735149384,0.40387076139450073,0.23438617587089539,-0.11252560466527939,0.40558090806007385,0.23318633437156677,-0.11254559457302094,0.4074109196662903,0.2320249080657959,-0.11258593946695328,0.4000185430049896,0.23698320984840393,-0.10693596303462982,0.39895766973495483,0.2374761551618576,-0.10695479065179825,0.3977920413017273,0.23800848424434662,-0.10697457939386368,0.4122505187988281,0.2296968251466751,-0.07024578750133514,0.39789456129074097,0.23834553360939026,-0.04171188920736313,0.4076407849788666,0.24818108975887299,-0.09878022223711014,0.4023781418800354,0.2495957314968109,-0.09088033437728882,0.43614354729652405,0.25840187072753906,-0.033822380006313324,0.3925875425338745,0.2756149172782898,-0.006469407584518194,0.46551379561424255,0.2880597710609436,-0.10285662114620209,0.393230676651001,0.33704158663749695,-0.04004134237766266,0.45289450883865356,0.269060879945755,-0.20846012234687805,0.398211270570755,0.33912137150764465,-0.14908398687839508,0.4495931565761566,0.26388904452323914,-0.230492502450943,0.3997028172016144,0.3418542146682739,-0.17077282071113586,0.444113552570343,0.26061102747917175,-0.2252470999956131,0.4013673663139343,0.33420366048812866,-0.17359063029289246,0.4448717534542084,0.26289981603622437,-0.20849063992500305,0.40173211693763733,0.3332827687263489,-0.1527286320924759,0.4341127872467041,0.38442036509513855,-0.020424457266926765,0.4104858934879303,0.3854174315929413,0.020449336618185043,0.4321173131465912,0.47185033559799194,-0.04047970846295357,0.39941757917404175,0.46445202827453613,0.009165680967271328,0.43284016847610474,0.5378488898277283,0.05881180241703987,0.418445348739624,0.4900039732456207,0.18948744237422943,0.4344056248664856,0.5478536486625671,0.06623081862926483,0.42455968260765076,0.49044400453567505,0.2078699767589569,0.4251828193664551,0.571126401424408,0.012806503102183342,0.41839537024497986,0.5300129055976868,0.19381588697433472
0239,./images/2/frame_00239.jpg,Warning,0.40287166833877563,0.2408556044101715,-0.11521726846694946,0.4044061303138733,0.2304638773202896,-0.11075183004140854,0.4062524437904358,0.22951427102088928,-0.11077167093753815,0.40817195177078247,0.22865334153175354,-0.11081144958734512,0.4002828598022461,0.2328428477048874,-0.10562261193990707,0.3991646468639374,0.2334694117307663,-0.1056378036737442,0.3979714512825012,0.23415952920913696,-0.10565881431102753,0.4128236770629883,0.22901874780654907,-0.0663708746433258,0.39804908633232117,0.23553486168384552,-0.041626252233982086,0.40768757462501526,0.24576081335544586,-0.09758758544921875,0.40230709314346313,0.24730487167835236,-0.09052552282810211,0.4361518919467926,0.2621689438819885,-0.03206365928053856,0.39259132742881775,0.27841028571128845,-0.006412344519048929,0.4649256765842438,0.28970423340797424,-0.09873761981725693,0.3928679823875427,0.3387857973575592,-0.03664053976535797,0.4556370675563812,0.2744746208190918,-0.21417661011219025,0.39831966161727905,0.3453841507434845,-0.14391639828681946,0.4550396502017975,0.27108898758888245,-0.2382742464542389,0.4003250002861023,0.34913548827171326,-0.1653776615858078,0.45118433237075806,0.2670656442642212,-0.23768837749958038,0.4013039171695709,0.34247681498527527,-0.170241117477417,0.4503011703491211,0.2694524824619293,-0.2165827453136444,0.4015790522098541,0.3401842713356018,-0.1482953131198883,0.43426260352134705,0.3872871398925781,-0.01940959319472313,0.41080179810523987,0.38826629519462585,0.019436055794358253,0.43257012963294983,0.47372955083847046,-0.04245650768280029,0.40128985047340393,0.4676111340522766,0.01756439357995987,0.4327923357486725,0.5392159819602966,0.04590674489736557,0.418734610080719,0.49099022150039673,0.2010016143321991,0.43432164192199707,0.5489410161972046,0.051799871027469635,0.4243249297142029,0.49160242080688477,0.21950896084308624,0.4263518452644348,0.5816189050674438,-0.004274321720004082,0.41865283250808716,0.530803918838501,0.19946607947349548
0240,./images/2/frame_00240.jpg,Warning,0.40234336256980896,0.23983222246170044,-0.10891938209533691,0.40404921770095825,0.229436457157135,-0.1053052768111229,0.4058850407600403,0.22849157452583313,-0.10532823950052261,0.40789198875427246,0.22765502333641052,-0.10535381734371185,0.40012988448143005,0.2319263070821762,-0.09873197972774506,0.39906030893325806,0.23267053067684174,-0.09875175356864929,0.39790740609169006,0.23347172141075134,-0.09877131879329681,0.41273242235183716,0.2290591597557068,-0.06586285680532455,0.39813071489334106,0.23567354679107666,-0.0349762924015522,0.40692204236984253,0.24519945681095123,-0.09349232167005539,0.4019085764884949,0.24710087478160858,-0.08440042287111282,0.4358590245246887,0.2612166404724121,-0.03219873830676079,0.39276498556137085,0.27960631251335144,-0.0012670968426391482,0.4641675353050232,0.28179290890693665,-0.10014740377664566,0.39239078760147095,0.3374529182910919,-0.026897568255662918,0.45606517791748047,0.2754652798175812,-0.21247240900993347,0.39854252338409424,0.3486987054347992,-0.13068458437919617,0.4564594328403473,0.27636316418647766,-0.23647835850715637,0.4007207453250885,0.3552968502044678,-0.1515001654624939,0.45148754119873047,0.2752435803413391,-0.23664775490760803,0.40208274126052856,0.3485082983970642,-0.1573963165283203,0.450542151927948,0.27629709243774414,-0.2148868590593338,0.40218424797058105,0.34596318006515503,-0.13526347279548645,0.4343445897102356,0.38676193356513977,-0.01930030807852745,0.41090017557144165,0.38784146308898926,0.019326966255903244,0.4326508939266205,0.47300949692726135,-0.054771892726421356,0.4030629098415375,0.4691386818885803,0.019803671166300774,0.4323934018611908,0.5387258529663086,0.03120173141360283,0.42005014419555664,0.4951041340827942,0.20777085423469543,0.4340638518333435,0.5486032366752625,0.03709555044770241,0.42512989044189453,0.4932076334953308,0.22521169483661652,0.4255921244621277,0.5777209997177124,-0.02382468245923519,0.42032942175865173,0.5333962440490723,0.20085009932518005
0241,./images/2/frame_00241.jpg,Warning,0.40124860405921936,0.2409191131591797,-0.10244905948638916,0.4032866954803467,0.23031887412071228,-0.09975503385066986,0.40497928857803345,0.2294352650642395,-0.09979059547185898,0.4068680703639984,0.22860023379325867,-0.09981852024793625,0.3998070955276489,0.23250852525234222,-0.09207367151975632,0.39887478947639465,0.23306529223918915,-0.09208493679761887,0.39783182740211487,0.23366236686706543,-0.09209654480218887,0.41269105672836304,0.23033086955547333,-0.06352294981479645,0.39845988154411316,0.23555730283260345,-0.027201741933822632,0.40541577339172363,0.24630728363990784,-0.08777220547199249,0.40119701623916626,0.24826857447624207,-0.0772763043642044,0.4357197880744934,0.26207175850868225,-0.035106051713228226,0.3929435610771179,0.28032374382019043,0.011138648726046085,0.4597819745540619,0.2792658805847168,-0.1100713238120079,0.39246612787246704,0.3346751630306244,-0.016262182965874672,0.4588848948478699,0.2805950939655304,-0.23954305052757263,0.3974941372871399,0.3483027219772339,-0.1336866021156311,0.46329331398010254,0.2820053696632385,-0.26749593019485474,0.3990720510482788,0.35643187165260315,-0.15582004189491272,0.4596424698829651,0.2813153862953186,-0.2724994719028473,0.4010598063468933,0.3507193326950073,-0.16267886757850647,0.45661115646362305,0.28135278820991516,-0.24421298503875732,0.40127116441726685,0.3480035066604614,-0.13920532166957855,0.4346519410610199,0.38743895292282104,-0.02025272324681282,0.41142934560775757,0.38897234201431274,0.020291166380047798,0.432894229888916,0.47263839840888977,-0.060216404497623444,0.4049317240715027,0.4700144827365875,0.022641658782958984,0.4318559765815735,0.5385385751724243,0.02587248757481575,0.42118746042251587,0.4966229796409607,0.21002130210399628,0.43304237723350525,0.548265278339386,0.03195901960134506,0.4260351061820984,0.49358639121055603,0.2274128943681717,0.4255427420139313,0.5755981206893921,-0.028116375207901,0.4217562675476074,0.5333082675933838,0.20408324897289276
0242,./images/2/frame_00242.jpg,Warning,0.40059390664100647,0.24022161960601807,-0.10122185945510864,0.4028709828853607,0.22987249493598938,-0.09850382059812546,0.40446314215660095,0.22916387021541595,-0.09853990375995636,0.4062376618385315,0.22848626971244812,-0.0985654965043068,0.39966726303100586,0.2316112518310547,-0.0908096507191658,0.39882391691207886,0.2320340871810913,-0.09082105755805969,0.39781492948532104,0.2325136810541153,-0.09083054959774017,0.41265830397605896,0.2304416000843048,-0.06251051276922226,0.3988504111766815,0.23461423814296722,-0.025811105966567993,0.4043810963630676,0.24618960916996002,-0.08650480955839157,0.40065106749534607,0.24810795485973358,-0.07600841671228409,0.4356154501438141,0.26187434792518616,-0.036918506026268005,0.3931232988834381,0.28073132038116455,0.01299181580543518,0.4581074118614197,0.27763471007347107,-0.11174003779888153,0.3924827575683594,0.3338765799999237,-0.012662932276725769,0.4605260491371155,0.2825658917427063,-0.2402220070362091,0.39688020944595337,0.34988054633140564,-0.12967762351036072,0.4652627110481262,0.285533607006073,-0.2681935429573059,0.39820778369903564,0.3588515520095825,-0.15154029428958893,0.4622998833656311,0.2841295897960663,-0.27383631467819214,0.40014585852622986,0.3523177206516266,-0.1597866415977478,0.45970630645751953,0.2840277850627899,-0.2452038824558258,0.40042194724082947,0.34921589493751526,-0.1356600821018219,0.43497008085250854,0.38701319694519043,-0.021058455109596252,0.41177526116371155,0.3889309763908386,0.02110297791659832,0.43281349539756775,0.47164323925971985,-0.07118549197912216,0.4067457616329193,0.4697936177253723,0.03259141743183136,0.4313942790031433,0.5385246276855469,0.008226842619478703,0.42285171151161194,0.49799591302871704,0.21439313888549805,0.43254488706588745,0.5483675599098206,0.01344185508787632,0.431865394115448,0.49501779675483704,0.23157890141010284,0.4254794120788574,0.5741725564002991,-0.04872077703475952,0.4246596693992615,0.5347261428833008,0.20632819831371307
0243,./images/2/frame_00243.jpg,Warning,0.40045157074928284,0.2396031767129898,-0.09629818052053452,0.4027276039123535,0.2292163372039795,-0.09514829516410828,0.40429967641830444,0.22855617105960846,-0.09519173949956894,0.4060591757297516,0.22795511782169342,-0.09522967040538788,0.3996424078941345,0.23092500865459442,-0.08633475005626678,0.3988083004951477,0.2313561588525772,-0.0863434225320816,0.3978051543235779,0.23185153305530548,-0.08635628968477249,0.41256260871887207,0.23019514977931976,-0.06322704255580902,0.3992559313774109,0.23411183059215546,-0.02362057939171791,0.40413498878479004,0.24595500528812408,-0.0837521106004715,0.4004712998867035,0.24780398607254028,-0.07181761413812637,0.43547719717025757,0.2624994218349457,-0.043895173817873,0.39340177178382874,0.2811132073402405,0.018861375749111176,0.45782405138015747,0.2785376310348511,-0.11641397327184677,0.39284759759902954,0.33540621399879456,0.019529860466718674,0.4619273543357849,0.2820284068584442,-0.2361878901720047,0.39712369441986084,0.35398069024086,-0.06752951443195343,0.46617674827575684,0.28392934799194336,-0.26221737265586853,0.3985326886177063,0.3639751970767975,-0.08320865780115128,0.4640693664550781,0.28323110938072205,-0.2673487663269043,0.4001883864402771,0.358087420463562,-0.09234972298145294,0.46136221289634705,0.283271461725235,-0.2408393919467926,0.40072235465049744,0.3545311391353607,-0.07316944748163223,0.4350225329399109,0.38724446296691895,-0.023057417944073677,0.41226840019226074,0.38957956433296204,0.023116163909435272,0.4327840805053711,0.47115322947502136,-0.06243113800883293,0.40802693367004395,0.4692549407482147,0.04861284792423248,0.4313695430755615,0.5392383337020874,0.01732313260436058,0.4279150068759918,0.49633046984672546,0.22162947058677673,0.43246397376060486,0.5492915511131287,0.02268357016146183,0.4348684847354889,0.49381011724472046,0.23825927078723907,0.4253547787666321,0.5733535885810852,-0.03719887509942055,0.424862802028656,0.5313811898231506,0.2142992913722992
0244,./images/2/frame_00244.jpg,Warning,0.4000086188316345,0.24155178666114807,-0.08753062784671783,0.4022754728794098,0.23075222969055176,-0.08922399580478668,0.4037763178348541,0.23010505735874176,-0.0892655998468399,0.4054623246192932,0.22948962450027466,-0.08930864930152893,0.39950138330459595,0.23207959532737732,-0.0787566676735878,0.3987800180912018,0.23224690556526184,-0.07875758409500122,0.3977932333946228,0.23246976733207703,-0.07876655459403992,0.4125147759914398,0.23093636333942413,-0.06631335616111755,0.400134414434433,0.23379811644554138,-0.019526047632098198,0.4038601815700531,0.24758854508399963,-0.07807298004627228,0.40032583475112915,0.24891994893550873,-0.06382795423269272,0.43585404753685,0.2621786594390869,-0.048748504370450974,0.3940739333629608,0.2794910669326782,0.023206302896142006,0.458977609872818,0.27747684717178345,-0.12754224240779877,0.3932977318763733,0.33487337827682495,0.06079958751797676,0.4623829424381256,0.27936139702796936,-0.24382396042346954,0.39632976055145264,0.35450929403305054,0.021424300968647003,0.46528300642967224,0.2822430729866028,-0.2688337564468384,0.39715811610221863,0.3670339286327362,0.013840918429195881,0.462358295917511,0.2800379693508148,-0.2711215615272522,0.39851659536361694,0.363119512796402,0.001962601440027356,0.4605129659175873,0.28038468956947327,-0.2473030835390091,0.3994399905204773,0.35796669125556946,0.015855398029088974,0.43517738580703735,0.38714727759361267,-0.024224719032645226,0.4126812517642975,0.38892123103141785,0.0242926012724638,0.43287596106529236,0.47062060236930847,-0.05815801024436951,0.40946531295776367,0.4688771069049835,0.05308818072080612,0.4312552511692047,0.539071798324585,0.0336996391415596,0.42915183305740356,0.4957759380340576,0.21770711243152618,0.4321019649505615,0.5490394830703735,0.04085148870944977,0.43558984994888306,0.49382683634757996,0.2337523251771927,0.4253115653991699,0.5729731917381287,-0.01485995389521122,0.4254910349845886,0.5313671231269836,0.20991162955760956
0245,./images/2/frame_00245.jpg,Warning,0.39998582005500793,0.243559792637825,-0.08855615556240082,0.40204954147338867,0.2330818623304367,-0.08979425579309464,0.4034613072872162,0.23223546147346497,-0.08983384072780609,0.4050399363040924,0.23131360113620758,-0.08987607061862946,0.3994879126548767,0.2343205362558365,-0.07950914651155472,0.3987762928009033,0.2342882603406906,-0.07951179891824722,0.39788129925727844,0.23428001999855042,-0.07951997220516205,0.4124840199947357,0.23110777139663696,-0.06708811223506927,0.4007088243961334,0.23433081805706024,-0.018911348655819893,0.4039570391178131,0.24887970089912415,-0.07843505591154099,0.40038424730300903,0.2500932514667511,-0.06432408094406128,0.43679922819137573,0.2614766061306,-0.0476631298661232,0.39497110247612,0.2791690528392792,0.023547912016510963,0.46171659231185913,0.2743714451789856,-0.12345926463603973,0.3941672444343567,0.33398595452308655,0.05832940340042114,0.4631179869174957,0.27766644954681396,-0.23381726443767548,0.39672356843948364,0.3570716977119446,0.014658716507256031,0.46505632996559143,0.28030920028686523,-0.25800806283950806,0.39741283655166626,0.3689931333065033,0.006222769618034363,0.4615638256072998,0.2800854444503784,-0.2589142620563507,0.39903828501701355,0.36537086963653564,-0.006051478907465935,0.4599912762641907,0.28011685609817505,-0.2366386353969574,0.39976340532302856,0.36171531677246094,0.008793237619102001,0.4355313181877136,0.38732948899269104,-0.02441219426691532,0.413484662771225,0.38892221450805664,0.024480054154992104,0.43356412649154663,0.4703370928764343,-0.057176608592271805,0.40982764959335327,0.4680195748806,0.047938022762537,0.43111610412597656,0.5401253700256348,0.032295167446136475,0.43054214119911194,0.4958697557449341,0.21396605670452118,0.4311031699180603,0.5504388809204102,0.03886497765779495,0.4370343089103699,0.49390217661857605,0.2303425371646881,0.4254966378211975,0.5743013024330139,-0.01816197857260704,0.4273984432220459,0.5347277522087097,0.20887541770935059
0246,./images/2/frame_00246.jpg,Warning,0.39936402440071106,0.24421554803848267,-0.08873406797647476,0.40127435326576233,0.2332356572151184,-0.09080787748098373,0.4025748670101166,0.23231154680252075,-0.09085149317979813,0.4040083885192871,0.23129147291183472,-0.09089674800634384,0.399067223072052,0.23441223800182343,-0.0793890655040741,0.39855167269706726,0.23427245020866394,-0.07938544452190399,0.39782264828681946,0.23414848744869232,-0.07938644289970398,0.41230860352516174,0.2305908203125,-0.06984879821538925,0.40115174651145935,0.2339843511581421,-0.015945933759212494,0.4038102626800537,0.24918092787265778,-0.07890789210796356,0.4002748429775238,0.2502664029598236,-0.0632588118314743,0.4371333718299866,0.2608189582824707,-0.05151575803756714,0.3960725665092468,0.2789097726345062,0.030547991394996643,0.46391624212265015,0.2725854218006134,-0.13144716620445251,0.39532560110092163,0.33218953013420105,0.05396916717290878,0.4646152853965759,0.2769017219543457,-0.24162709712982178,0.39604276418685913,0.35613489151000977,-0.009254934266209602,0.46572738885879517,0.2789316475391388,-0.2672443985939026,0.39598438143730164,0.3680928647518158,-0.01962280087172985,0.46140775084495544,0.2784104347229004,-0.2679523825645447,0.39752498269081116,0.3653669059276581,-0.0319589264690876,0.460125207901001,0.2788277566432953,-0.24414460361003876,0.3983822762966156,0.3622455298900604,-0.01575441285967827,0.4365236759185791,0.3870215117931366,-0.027179554104804993,0.41456684470176697,0.3883867561817169,0.027255792170763016,0.4346259534358978,0.4701289236545563,-0.06614522635936737,0.4114076495170593,0.467490553855896,0.060769639909267426,0.43059292435646057,0.5412587523460388,0.015634095296263695,0.4295709729194641,0.5058581829071045,0.2142314910888672,0.43006911873817444,0.5520530939102173,0.02167522720992565,0.43926286697387695,0.5015173554420471,0.22926044464111328,0.42360720038414,0.5828644037246704,-0.03849736973643303,0.4282204210758209,0.5424532890319824,0.203544020652771
0247,./images/2/frame_00247.jpg,Warning,0.3992997705936432,0.24380482733249664,-0.08392858505249023,0.4010522961616516,0.23260553181171417,-0.08719523251056671,0.4022914469242096,0.23174893856048584,-0.08723993599414825,0.4036462903022766,0.2307988703250885,-0.08728013932704926,0.39902621507644653,0.23378145694732666,-0.07496537268161774,0.39854782819747925,0.2337649166584015,-0.07496627420186996,0.397898405790329,0.2338489145040512,-0.07497624307870865,0.4121604859828949,0.2302173674106598,-0.06958749890327454,0.40212282538414,0.2337847650051117,-0.013305842876434326,0.4038645327091217,0.24933640658855438,-0.07548737525939941,0.40030235052108765,0.25002071261405945,-0.05901499465107918,0.43767720460891724,0.2603740990161896,-0.05194848030805588,0.3968072831630707,0.27855604887008667,0.030161846429109573,0.46401447057724,0.272217333316803,-0.13442280888557434,0.3961908221244812,0.3307381868362427,0.048444099724292755,0.46378546953201294,0.2754214107990265,-0.2423391044139862,0.39556190371513367,0.35598093271255493,-0.015719357877969742,0.4654490351676941,0.2785179018974304,-0.26670190691947937,0.39499431848526,0.36745041608810425,-0.025430595502257347,0.461292028427124,0.27690303325653076,-0.2667723298072815,0.3958197236061096,0.36464282870292664,-0.03705156221985817,0.459322065114975,0.27775222063064575,-0.24460478127002716,0.39705052971839905,0.36065083742141724,-0.02196132391691208,0.437904417514801,0.38673704862594604,-0.02792922593653202,0.41550034284591675,0.3880611062049866,0.02799992263317108,0.43454235792160034,0.4718526601791382,-0.07293487340211868,0.4128902852535248,0.4671899676322937,0.05729838088154793,0.4303106367588043,0.5446223616600037,-0.004003273323178291,0.4353787302970886,0.5067896842956543,0.20642152428627014,0.4296402335166931,0.5582334995269775,0.0008077410166151822,0.44232258200645447,0.5087746381759644,0.21986500918865204,0.4231719374656677,0.5870820879936218,-0.05865370109677315,0.4312407374382019,0.5443813800811768,0.19088862836360931
0248,./images/2/frame_00248.jpg,Warning,0.39902979135513306,0.24552586674690247,-0.0826631635427475,0.4006698727607727,0.23444050550460815,-0.08685684949159622,0.4018220901489258,0.23354922235012054,-0.08690309524536133,0.4030495584011078,0.23241443932056427,-0.08694345504045486,0.3988551199436188,0.23496127128601074,-0.07376354932785034,0.39850854873657227,0.23450219631195068,-0.07376313209533691,0.3979046940803528,0.23411113023757935,-0.07377515733242035,0.41129785776138306,0.2302144318819046,-0.0714062750339508,0.402874231338501,0.23372218012809753,-0.011196835897862911,0.4038833677768707,0.25087496638298035,-0.07469452172517776,0.40034016966819763,0.2511390149593353,-0.05707930773496628,0.43833452463150024,0.2590489387512207,-0.0552009642124176,0.39872244000434875,0.27495327591896057,0.03659620136022568,0.46400946378707886,0.27219778299331665,-0.14033834636211395,0.3968786299228668,0.325595498085022,0.0555468425154686,0.4632314145565033,0.27495598793029785,-0.24683792889118195,0.39526331424713135,0.3545324206352234,-0.012176459655165672,0.4653562009334564,0.27776840329170227,-0.27162712812423706,0.3939284086227417,0.367112398147583,-0.021543700248003006,0.4610469937324524,0.27618393301963806,-0.2709272801876068,0.39516347646713257,0.3648875653743744,-0.03416599705815315,0.45881813764572144,0.27631455659866333,-0.24872753024101257,0.39620065689086914,0.36027854681015015,-0.019074801355600357,0.43875041604042053,0.386515349149704,-0.03067944012582302,0.41635221242904663,0.38765034079551697,0.030756071209907532,0.43490728735923767,0.4707770347595215,-0.07319680601358414,0.4143799841403961,0.4659102261066437,0.05942491441965103,0.4302353858947754,0.5454869270324707,-0.006169783417135477,0.43908530473709106,0.5070045590400696,0.19452224671840668,0.42959365248680115,0.5574327111244202,-0.0016463631764054298,0.44609037041664124,0.5105308294296265,0.20670349895954132,0.421477735042572,0.584692656993866,-0.06138335540890694,0.4345005452632904,0.5435205101966858,0.17520855367183685
0249,./images/2/frame_00249.jpg,Warning,0.39829808473587036,0.24745352566242218,-0.07374979555606842,0.3999539017677307,0.2363446056842804,-0.07898275554180145,0.4010995924472809,0.2353818416595459,-0.0790262371301651,0.40222740173339844,0.23421062529087067,-0.07906608283519745,0.3981364965438843,0.23687176406383514,-0.06529366225004196,0.3979341387748718,0.2362743765115738,-0.06529024988412857,0.397541344165802,0.23560945689678192,-0.06529416888952255,0.4102393686771393,0.23053768277168274,-0.07093735039234161,0.4028452932834625,0.2335720956325531,-0.005537479184567928,0.40362364053726196,0.2524935305118561,-0.06737874448299408,0.40033474564552307,0.2531261742115021,-0.04909230396151543,0.439216673374176,0.2579965591430664,-0.05232291296124458,0.39944595098495483,0.27494752407073975,0.03783619403839111,0.46424993872642517,0.2715967297554016,-0.13315482437610626,0.39742276072502136,0.3244372606277466,0.06317198276519775,0.4650791585445404,0.27469009160995483,-0.24644319713115692,0.3952256441116333,0.3563714325428009,0.009246385656297207,0.4666075110435486,0.27727362513542175,-0.2710648477077484,0.39385271072387695,0.36776605248451233,0.0012457678094506264,0.4626750946044922,0.2752477824687958,-0.26686546206474304,0.3952026665210724,0.36518949270248413,-0.010685991495847702,0.4611630439758301,0.2759578824043274,-0.24614965915679932,0.3961030840873718,0.36118078231811523,0.003017899114638567,0.44034093618392944,0.3851359784603119,-0.029807090759277344,0.41792231798171997,0.3864859342575073,0.02987820841372013,0.4348234534263611,0.47062721848487854,-0.06622195988893509,0.4168902039527893,0.46370479464530945,0.0560450553894043,0.4302345812320709,0.5449949502944946,0.0047051506116986275,0.4387300908565521,0.5096500515937805,0.17461249232292175,0.4296087324619293,0.5567187666893005,0.009843789041042328,0.44285136461257935,0.5184031128883362,0.18541358411312103,0.42321810126304626,0.5809689164161682,-0.05351058766245842,0.43357354402542114,0.5472123622894287,0.15208406746387482
0250,./images/2/frame_00250.jpg,Warning,0.3974861800670624,0.24673034250736237,-0.07868273556232452,0.3992621898651123,0.23554015159606934,-0.08736880123615265,0.4004434049129486,0.23464202880859375,-0.08742813766002655,0.4015846848487854,0.2336011528968811,-0.08748418092727661,0.39759454131126404,0.23647665977478027,-0.06575964391231537,0.3975907862186432,0.23613688349723816,-0.06578505039215088,0.39742326736450195,0.2349681258201599,-0.0658268854022026,0.40946245193481445,0.23037685453891754,-0.08218351751565933,0.4029874801635742,0.23192155361175537,-0.01022809837013483,0.4027993083000183,0.25168150663375854,-0.07401058822870255,0.40005168318748474,0.2526155412197113,-0.05488047003746033,0.4392762780189514,0.25627416372299194,-0.06339339911937714,0.40089988708496094,0.27282389998435974,0.03127344697713852,0.46413764357566833,0.27123963832855225,-0.1317754089832306,0.3987535834312439,0.3219873905181885,0.056433141231536865,0.4668126106262207,0.2739167809486389,-0.22431640326976776,0.395321786403656,0.3553602993488312,0.002728118794038892,0.46960514783859253,0.27600526809692383,-0.24708983302116394,0.3934062123298645,0.36693522334098816,-0.005508987233042717,0.4659772515296936,0.2739239037036896,-0.24983938038349152,0.3943479359149933,0.36469149589538574,-0.018156670033931732,0.4644489884376526,0.27474093437194824,-0.22763653099536896,0.39575666189193726,0.3606140613555908,-0.004046606831252575,0.4408882260322571,0.3830695152282715,-0.03198089450597763,0.41973844170570374,0.3849380910396576,0.03205207735300064,0.4347040057182312,0.4686141908168793,-0.04289710521697998,0.41924962401390076,0.46034231781959534,0.060054875910282135,0.43076691031455994,0.5433271527290344,0.04554428532719612,0.4414542615413666,0.5109026432037354,0.1705801784992218,0.4309774339199066,0.5533382296562195,0.05241689831018448,0.447181761264801,0.5179836750030518,0.18034175038337708,0.4241466522216797,0.5723720192909241,-0.0045227957889437675,0.4337846636772156,0.5487750768661499,0.14020489156246185
0251,./images/2/frame_00251.jpg,Warning,0.3990972936153412,0.24630655348300934,-0.08690658956766129,0.40012532472610474,0.23549556732177734,-0.09446167945861816,0.4010459780693054,0.23462499678134918,-0.09452112019062042,0.4018735885620117,0.23351135849952698,-0.09457239508628845,0.39870479702949524,0.23606236279010773,-0.07783575356006622,0.3986806869506836,0.23563596606254578,-0.07784195244312286,0.39850813150405884,0.23468734323978424,-0.07785051316022873,0.40946927666664124,0.23026487231254578,-0.08102846145629883,0.40335601568222046,0.23116649687290192,-0.016311150044202805,0.4042643904685974,0.2512849271297455,-0.0799475759267807,0.4019142985343933,0.252108633518219,-0.06027808040380478,0.43967777490615845,0.2544366121292114,-0.062145791947841644,0.4025781750679016,0.27239760756492615,0.03150074928998947,0.46403494477272034,0.26986637711524963,-0.1309548169374466,0.4001556932926178,0.31998932361602783,0.06093721464276314,0.46832919120788574,0.273834764957428,-0.22616584599018097,0.39497023820877075,0.35535261034965515,0.009130408987402916,0.471893846988678,0.27559101581573486,-0.2494882047176361,0.39262518286705017,0.3667811155319214,0.0009136853623203933,0.4684508442878723,0.27351516485214233,-0.2515496611595154,0.3934599757194519,0.3661322593688965,-0.013169142417609692,0.4666343629360199,0.2741553485393524,-0.22875794768333435,0.39500540494918823,0.36284616589546204,0.0018765866989269853,0.4415268301963806,0.3814423382282257,-0.033725328743457794,0.4219631254673004,0.38342905044555664,0.033796682953834534,0.4366456866264343,0.46667739748954773,-0.03727458789944649,0.42206573486328125,0.4571632742881775,0.061392396688461304,0.4330611824989319,0.5391985177993774,0.05129076912999153,0.4396596848964691,0.5208940505981445,0.1596240997314453,0.43447017669677734,0.5507217645645142,0.0582144670188427,0.44739222526550293,0.5226251482963562,0.16790145635604858,0.427743136882782,0.5690500140190125,0.0019067276734858751,0.433182954788208,0.5514910817146301,0.12434874475002289
0252,./images/2/frame_00252.jpg,Warning,0.39954307675361633,0.24435925483703613,-0.07864256948232651,0.40025919675827026,0.23330016434192657,-0.0847998559474945,0.4010818600654602,0.23233962059020996,-0.08484876155853271,0.4020153880119324,0.2312045395374298,-0.08488365262746811,0.39897727966308594,0.233307883143425,-0.07021384686231613,0.3989793360233307,0.23232737183570862,-0.07021791487932205,0.3988683521747589,0.2310451716184616,-0.0702243521809578,0.40943631529808044,0.22729094326496124,-0.07877544313669205,0.4037083685398102,0.22740082442760468,-0.011278226971626282,0.40446901321411133,0.24901007115840912,-0.07320447266101837,0.4025396406650543,0.25048521161079407,-0.05418035387992859,0.43945932388305664,0.2514142692089081,-0.06230219081044197,0.4043756425380707,0.2681724727153778,0.03505958244204521,0.46391868591308594,0.2658006250858307,-0.13124029338359833,0.4011008143424988,0.3178277015686035,0.05559686943888664,0.46785426139831543,0.2736073136329651,-0.2243388444185257,0.39499443769454956,0.35469546914100647,-0.008272407576441765,0.4715234339237213,0.27526190876960754,-0.2475569248199463,0.39265161752700806,0.36613982915878296,-0.01859523169696331,0.4681069850921631,0.27360042929649353,-0.2506408095359802,0.39347854256629944,0.36497771739959717,-0.0316862054169178,0.46646246314048767,0.2740715742111206,-0.22770433127880096,0.39497143030166626,0.36167216300964355,-0.015565281733870506,0.44239598512649536,0.3772569000720978,-0.034501172602176666,0.42361631989479065,0.3797089457511902,0.03454854339361191,0.4384121000766754,0.4611015319824219,-0.03516708314418793,0.4240449368953705,0.45191633701324463,0.06474550068378448,0.43734750151634216,0.5311047434806824,0.04364151507616043,0.44097447395324707,0.5174006819725037,0.15510281920433044,0.4403970241546631,0.5452808141708374,0.04957123473286629,0.44730550050735474,0.5218980312347412,0.16250470280647278,0.42956942319869995,0.5624859929084778,-0.006665953900665045,0.4325748085975647,0.5504307746887207,0.12131881713867188
0253,./images/2/frame_00253.jpg,Warning,0.4010976254940033,0.24435199797153473,-0.08163638412952423,0.4012879729270935,0.23322950303554535,-0.08626498281955719,0.4021602272987366,0.23228536546230316,-0.08631041646003723,0.4030908942222595,0.23117601871490479,-0.08634518086910248,0.3997635841369629,0.23361055552959442,-0.07303889095783234,0.399628609418869,0.23274612426757812,-0.07304205745458603,0.3994125425815582,0.231620192527771,-0.07304616272449493,0.4097233712673187,0.22701910138130188,-0.07785370200872421,0.40407150983810425,0.22761695086956024,-0.013026155531406403,0.40625351667404175,0.24895307421684265,-0.07454399764537811,0.40376344323158264,0.2504441440105438,-0.05698724836111069,0.4404444694519043,0.2512844204902649,-0.060722701251506805,0.40577930212020874,0.26719236373901367,0.03441881388425827,0.4650464951992035,0.26220864057540894,-0.13053461909294128,0.40210285782814026,0.3157672584056854,0.05378139019012451,0.4701918661594391,0.2736423909664154,-0.22512240707874298,0.3950785994529724,0.3541044294834137,-0.010437821969389915,0.4741300642490387,0.27813950181007385,-0.2485578954219818,0.392876535654068,0.3650102913379669,-0.02024220861494541,0.47045841813087463,0.2747119963169098,-0.25153523683547974,0.3936081826686859,0.3633418679237366,-0.03325841575860977,0.46872615814208984,0.274443656206131,-0.2286401242017746,0.39516887068748474,0.3601531982421875,-0.017642274498939514,0.44367480278015137,0.3752696216106415,-0.03558332473039627,0.42638516426086426,0.37739574909210205,0.03563377261161804,0.4414617121219635,0.45967403054237366,-0.03690939396619797,0.42558035254478455,0.449857622385025,0.0615440234541893,0.44391679763793945,0.5320984125137329,0.04025941342115402,0.44061094522476196,0.520720899105072,0.13743750751018524,0.4475075602531433,0.5432064533233643,0.04820457100868225,0.44634756445884705,0.5274217128753662,0.14345768094062805,0.43250519037246704,0.5627054572105408,-0.009169233031570911,0.43200498819351196,0.553333044052124,0.10027053207159042
0254,./images/2/frame_00254.jpg,Warning,0.4023962616920471,0.2430543452501297,-0.08133064210414886,0.40210533142089844,0.2328045666217804,-0.08461420238018036,0.40290889143943787,0.23171861469745636,-0.08465902507305145,0.403643935918808,0.23053893446922302,-0.08468475192785263,0.40090665221214294,0.23326784372329712,-0.072220578789711,0.40087229013442993,0.2323470264673233,-0.07222669571638107,0.4015142321586609,0.23160412907600403,-0.07222983241081238,0.4097425043582916,0.22560931742191315,-0.07102067023515701,0.40514034032821655,0.22695085406303406,-0.012251646257936954,0.40716633200645447,0.2467382252216339,-0.07368039339780807,0.40524381399154663,0.24862360954284668,-0.05706857889890671,0.44062143564224243,0.25056660175323486,-0.06009678915143013,0.4071272313594818,0.2655022144317627,0.034501779824495316,0.46605491638183594,0.2607579827308655,-0.1167072281241417,0.40421000123023987,0.31465208530426025,0.050393760204315186,0.47243961691856384,0.2764994502067566,-0.21039442718029022,0.3951202630996704,0.35357022285461426,-0.018104204908013344,0.4767356812953949,0.2830844521522522,-0.2345048189163208,0.3924480080604553,0.36490148305892944,-0.02831692434847355,0.47390684485435486,0.2816578447818756,-0.23965704441070557,0.3934692144393921,0.36407652497291565,-0.046636782586574554,0.4743936061859131,0.28549960255622864,-0.21487745642662048,0.3950899541378021,0.36023011803627014,-0.0279171671718359,0.44550031423568726,0.37231552600860596,-0.034433092921972275,0.4291633069515228,0.3721795082092285,0.03449128940701485,0.4411337375640869,0.45405900478363037,-0.038662757724523544,0.42712315917015076,0.448272705078125,0.04593439772725105,0.4428136348724365,0.5267259478569031,0.03140046074986458,0.4400264322757721,0.5199028253555298,0.10871176421642303,0.44538092613220215,0.5362284183502197,0.03574812412261963,0.4455760419368744,0.527037501335144,0.11291088163852692,0.4328003525733948,0.5549022555351257,-0.01568109728395939,0.43207088112831116,0.552285373210907,0.06677307188510895
0255,./images/2/frame_00255.jpg,Warning,0.4025861620903015,0.24293579161167145,-0.07323047518730164,0.40240946412086487,0.232778862118721,-0.07846476882696152,0.40306925773620605,0.23169519007205963,-0.07849631458520889,0.4036686420440674,0.23052367568016052,-0.07851701229810715,0.4016631245613098,0.23303371667861938,-0.0662066787481308,0.40189242362976074,0.23192264139652252,-0.06622231006622314,0.4023783206939697,0.23090362548828125,-0.06623855978250504,0.40969905257225037,0.22564487159252167,-0.07061561197042465,0.40724578499794006,0.22659865021705627,-0.01315426267683506,0.40722179412841797,0.24666424095630646,-0.06805050373077393,0.40620118379592896,0.24789944291114807,-0.05184889957308769,0.43845629692077637,0.24723902344703674,-0.06095532327890396,0.4134303033351898,0.2651212811470032,0.03311845287680626,0.4660204350948334,0.269879013299942,-0.11908084154129028,0.40631112456321716,0.31353065371513367,0.03620210662484169,0.47399014234542847,0.2816501557826996,-0.21109525859355927,0.39517855644226074,0.3532654345035553,-0.04139171913266182,0.4775841236114502,0.28422021865844727,-0.23360297083854675,0.39268332719802856,0.3644978702068329,-0.05084129422903061,0.4750961661338806,0.28117743134498596,-0.23555152118206024,0.39371544122695923,0.36400291323661804,-0.0668855831027031,0.4738995134830475,0.2834520936012268,-0.21434089541435242,0.3952520191669464,0.36021241545677185,-0.05005541443824768,0.44455868005752563,0.3718416094779968,-0.03536827862262726,0.43564119935035706,0.3720107972621918,0.03545540198683739,0.43267878890037537,0.4474934935569763,-0.037795379757881165,0.43292540311813354,0.44782590866088867,0.035399410873651505,0.44106215238571167,0.5261393785476685,0.004524368792772293,0.4434528946876526,0.5315105319023132,0.0703543871641159,0.4441293179988861,0.5360182523727417,0.006659845821559429,0.4484427571296692,0.54549640417099,0.07154534012079239,0.43174633383750916,0.5538804531097412,-0.03096618689596653,0.4326712191104889,0.5533210039138794,0.030122393742203712
0256,./images/2/frame_00256.jpg,Warning,0.40368255972862244,0.2434861958026886,0.005533507559448481,0.4029201567173004,0.2338772416114807,-0.007922749035060406,0.4033358097076416,0.23284800350666046,-0.007928306236863136,0.40371185541152954,0.23187652230262756,-0.007936995476484299,0.4028472304344177,0.23325197398662567,0.0030264449305832386,0.40335020422935486,0.23208072781562805,0.0030190865509212017,0.4038764536380768,0.2309648096561432,0.0029836269095540047,0.40927377343177795,0.22602863609790802,-0.042557258158922195,0.4086199700832367,0.22673170268535614,0.005742731969803572,0.40781164169311523,0.24660828709602356,-0.004307727329432964,0.40766245126724243,0.24746131896972656,0.009683480486273766,0.4198494851589203,0.25397685170173645,-0.07268404960632324,0.43727201223373413,0.24961993098258972,0.03907773643732071,0.41558632254600525,0.306333988904953,-0.0849698930978775,0.4486566483974457,0.29592496156692505,0.03649609535932541,0.42155927419662476,0.3321063816547394,-0.06927518546581268,0.4477360248565674,0.3164796531200409,-0.00988231785595417,0.42146191000938416,0.3397131860256195,-0.07756033539772034,0.449240118265152,0.3215138614177704,-0.009504485875368118,0.42038479447364807,0.3337835371494293,-0.07494129240512848,0.4468088150024414,0.31836363673210144,-0.0161009319126606,0.42152127623558044,0.3309691250324249,-0.0671478807926178,0.4461555480957031,0.31661170721054077,-0.013542014174163342,0.4393632411956787,0.3727787733078003,-0.0438220277428627,0.4469553828239441,0.3698076605796814,0.04377806931734085,0.4310358166694641,0.44941169023513794,-0.01960808038711548,0.4388273358345032,0.4490133821964264,0.06953863799571991,0.4407171308994293,0.5302141308784485,0.013597408309578896,0.4458681046962738,0.531769335269928,0.10738508403301239,0.446624755859375,0.5432918667793274,0.01659075729548931,0.4509320855140686,0.5453283786773682,0.10992865264415741,0.43063172698020935,0.555460512638092,-0.005709277465939522,0.432588666677475,0.5532934665679932,0.08495919406414032
0257,./images/2/frame_00257.jpg,Warning,0.40411558747291565,0.2459728866815567,-0.015496785752475262,0.40339961647987366,0.23583532869815826,-0.008634192869067192,0.40374666452407837,0.23494991660118103,-0.00881907157599926,0.40399473905563354,0.23403848707675934,-0.00893201120197773,0.40329065918922424,0.23645521700382233,-0.013562144711613655,0.40373319387435913,0.23520314693450928,-0.013479752466082573,0.4041220247745514,0.2339780628681183,-0.013364925980567932,0.4093436598777771,0.22761961817741394,-0.057767353951931,0.409126341342926,0.2280396968126297,0.002207961631938815,0.40854352712631226,0.2478826493024826,-0.008762850426137447,0.40824198722839355,0.24794577062129974,-0.0019323343876749277,0.42891764640808105,0.2504463791847229,-0.06713522970676422,0.42277032136917114,0.25083208084106445,0.037033699452877045,0.45790934562683105,0.30053213238716125,-0.09863771498203278,0.44244852662086487,0.2991582751274109,0.024189168587327003,0.46167388558387756,0.31831222772598267,-0.15588900446891785,0.4109620451927185,0.3341008722782135,-0.060823939740657806,0.46449679136276245,0.3247198462486267,-0.17573733627796173,0.40821903944015503,0.3424030840396881,-0.07228769361972809,0.46196430921554565,0.31997230648994446,-0.17819778621196747,0.4076937735080719,0.34286361932754517,-0.08536753058433533,0.4607446789741516,0.31870612502098083,-0.15819154679775238,0.4091966152191162,0.3409575819969177,-0.06870771944522858,0.44491973519325256,0.37250983715057373,-0.040625132620334625,0.44165700674057007,0.37117233872413635,0.04061159864068031,0.43180257081985474,0.44901004433631897,-0.018834194168448448,0.4378640055656433,0.44930991530418396,0.06529133021831512,0.44158974289894104,0.5314730405807495,0.014489044435322285,0.4446991980075836,0.5316381454467773,0.10943692922592163,0.4465382695198059,0.5494916439056396,0.020771745592355728,0.44955000281333923,0.5455268621444702,0.11228583008050919,0.4303983151912689,0.5554253458976746,-0.010940932668745518,0.4323274493217468,0.5536850094795227,0.0772179514169693
0258,./images/2/frame_00258.jpg,Warning,0.40755724906921387,0.24709853529930115,0.021470170468091965,0.40577831864356995,0.23849716782569885,0.006403590552508831,0.40565523505210876,0.23807461559772491,0.006386195309460163,0.4053730070590973,0.23758336901664734,0.006358927581459284,0.4067508280277252,0.23743349313735962,0.0156813133507967,0.40743741393089294,0.23593294620513916,0.015690147876739502,0.4083178639411926,0.23436886072158813,0.01565605215728283,0.409367173910141,0.23236717283725739,-0.039694495499134064,0.4124313294887543,0.22931043803691864,0.005547543987631798,0.41134175658226013,0.25067001581192017,0.008999303914606571,0.4120945930480957,0.248002290725708,0.02154790237545967,0.41567716002464294,0.26806405186653137,-0.068670853972435,0.44508498907089233,0.2535240054130554,0.022254154086112976,0.41015952825546265,0.32086795568466187,-0.04350324720144272,0.4684116840362549,0.2831372916698456,0.049861885607242584,0.402733713388443,0.3506132662296295,0.02502516470849514,0.47485607862472534,0.308956116437912,0.08163335919380188,0.4020040035247803,0.35615578293800354,0.025158558040857315,0.4781486988067627,0.31881219148635864,0.08766993880271912,0.4031001627445221,0.355516642332077,0.02553895115852356,0.4751855432987213,0.32058724761009216,0.0827796682715416,0.4040709435939789,0.3540779948234558,0.027490507811307907,0.47520947456359863,0.3199616074562073,0.08043361455202103,0.4403810501098633,0.3739910125732422,-0.04086655378341675,0.45186012983322144,0.37242981791496277,0.04079074412584305,0.4320823550224304,0.4503798484802246,-0.0026657963171601295,0.4422900676727295,0.4548155963420868,0.08700926601886749,0.4410921633243561,0.5391954183578491,0.037772875279188156,0.4466914236545563,0.5400035977363586,0.12025420367717743,0.44702133536338806,0.5642220377922058,0.04204605892300606,0.45073938369750977,0.555404007434845,0.1131911426782608,0.42704954743385315,0.5563238263130188,0.028426220640540123,0.432323157787323,0.5536676049232483,0.12333998829126358
0259,./images/2/frame_00259.jpg,Warning,0.4084504544734955,0.24742017686367035,0.02274227701127529,0.406416654586792,0.23930706083774567,0.005808352492749691,0.4060904085636139,0.23915314674377441,0.005792316980659962,0.4056384563446045,0.23896478116512299,0.00576812494546175,0.4082683026790619,0.237387016415596,0.01635218784213066,0.40925177931785583,0.23584109544754028,0.016353579238057137,0.4101812243461609,0.23431992530822754,0.01630755513906479,0.40927648544311523,0.23531782627105713,-0.043988075107336044,0.41432100534439087,0.22974921762943268,0.0037089635152369738,0.411527156829834,0.25127580761909485,0.007985403761267662,0.4136177599430084,0.2482772171497345,0.02182639017701149,0.41555628180503845,0.2716929614543915,-0.07785876840353012,0.4468778967857361,0.25537312030792236,0.01754242181777954,0.4093996584415436,0.3219270408153534,-0.05678236484527588,0.4692114293575287,0.2830897271633148,0.06184328347444534,0.40053802728652954,0.3512396812438965,0.010762965306639671,0.474769651889801,0.30859869718551636,0.11300545930862427,0.3996615707874298,0.3591957092285156,0.010918722487986088,0.47771066427230835,0.3224089443683624,0.1225147470831871,0.40053218603134155,0.3567601144313812,0.01154417172074318,0.47606411576271057,0.3187427520751953,0.11819840967655182,0.40142959356307983,0.3551718294620514,0.013345470651984215,0.47273412346839905,0.31412386894226074,0.11254768073558807,0.4397359788417816,0.37490686774253845,-0.041155144572257996,0.4555651545524597,0.37187814712524414,0.04105443134903908,0.43201977014541626,0.45067694783210754,0.015808816999197006,0.4453052878379822,0.4559520184993744,0.10241810232400894,0.44066184759140015,0.5411642789840698,0.0676732063293457,0.44767481088638306,0.5352809429168701,0.1607857048511505,0.4477000832557678,0.561471700668335,0.07315517216920853,0.45111560821533203,0.5486292243003845,0.16592426598072052,0.42692041397094727,0.5571144819259644,0.06281690299510956,0.434087336063385,0.5532247424125671,0.15890076756477356
0260,./images/2/frame_00260.jpg,Warning,0.40847301483154297,0.2547691762447357,-0.07272950559854507,0.4068249762058258,0.24419653415679932,-0.07897086441516876,0.406990110874176,0.24319373071193695,-0.07899684458971024,0.4070884585380554,0.24203170835971832,-0.07901451736688614,0.4073712229728699,0.24505615234375,-0.06495250016450882,0.4079645276069641,0.24375690519809723,-0.06496291607618332,0.40853747725486755,0.2424573004245758,-0.06498022377490997,0.4116716980934143,0.23580773174762726,-0.0761534795165062,0.41283684968948364,0.2355794757604599,-0.012545036152005196,0.41422706842422485,0.25247952342033386,-0.0688973218202591,0.41350898146629333,0.2535662055015564,-0.05029044672846794,0.43880948424339294,0.27010250091552734,-0.07796016335487366,0.4333382248878479,0.26925185322761536,0.04463522881269455,0.4652543067932129,0.29232901334762573,-0.09104333072900772,0.4208448827266693,0.30171462893486023,0.10958534479141235,0.47350627183914185,0.3318248987197876,-0.1322365701198578,0.4083254337310791,0.3407992124557495,0.09344752132892609,0.4775022566318512,0.337572306394577,-0.14935293793678284,0.40550532937049866,0.35047006607055664,0.09443188458681107,0.47345519065856934,0.3355422616004944,-0.15755689144134521,0.4058205485343933,0.3500148057937622,0.07685932517051697,0.47183242440223694,0.33345815539360046,-0.13640867173671722,0.4074990749359131,0.34714722633361816,0.08578117191791534,0.4508506655693054,0.3753160238265991,-0.045721955597400665,0.4475294053554535,0.3762955665588379,0.04578770324587822,0.4348108172416687,0.4539331793785095,-0.03250855207443237,0.44079750776290894,0.4565141797065735,0.08596781641244888,0.44399142265319824,0.5407754182815552,-1.207310469908407e-05,0.4463823437690735,0.5346400141716003,0.11259571462869644,0.4502321183681488,0.5607201457023621,0.0009075576672330499,0.45042091608047485,0.5469641089439392,0.1144406646490097,0.4283474385738373,0.5569018125534058,-0.04688991606235504,0.43346089124679565,0.5530045032501221,0.0785607174038887
0261,./images/2/frame_00261.jpg,Warning,0.4078333377838135,0.26016223430633545,-0.09907657653093338,0.4065222144126892,0.24852211773395538,-0.10524465888738632,0.4069158434867859,0.24708899855613708,-0.10526987165212631,0.4073715806007385,0.24538245797157288,-0.10529985278844833,0.4067463278770447,0.25044453144073486,-0.09062190353870392,0.407327800989151,0.2494625300168991,-0.09063400328159332,0.4079742431640625,0.2484191209077835,-0.09064562618732452,0.4127383828163147,0.23744824528694153,-0.10003360360860825,0.4120129942893982,0.24080616235733032,-0.03276543691754341,0.4131907820701599,0.25940462946891785,-0.09458980709314346,0.41240841150283813,0.26181796193122864,-0.07515422999858856,0.4451623857021332,0.2667715549468994,-0.09633126854896545,0.4261401295661926,0.2761957049369812,0.03861049562692642,0.4711949825286865,0.2861018478870392,-0.10784605890512466,0.41381269693374634,0.3157070279121399,0.10666777193546295,0.4753629267215729,0.32660847902297974,-0.13287007808685303,0.40425124764442444,0.34703338146209717,0.09051020443439484,0.47793835401535034,0.34109053015708923,-0.14902172982692719,0.4019508957862854,0.3555399477481842,0.09088298678398132,0.4736874997615814,0.3390718102455139,-0.15417948365211487,0.40209755301475525,0.3543325960636139,0.0723249763250351,0.47268494963645935,0.3356167674064636,-0.13516724109649658,0.4031919836997986,0.35316988825798035,0.08234169334173203,0.45464929938316345,0.3774016499519348,-0.047066669911146164,0.4458467364311218,0.37727057933807373,0.04714933782815933,0.43930333852767944,0.45937347412109375,-0.024402279406785965,0.4398825764656067,0.45941099524497986,0.07850480824708939,0.4471281170845032,0.5406786203384399,0.03035021387040615,0.44644981622695923,0.534285843372345,0.11609085649251938,0.45227235555648804,0.5592483282089233,0.032927319407463074,0.451016366481781,0.5475988984107971,0.12488684803247452,0.431619793176651,0.5567105412483215,-0.03091346099972725,0.4332217574119568,0.552621603012085,0.09602560102939606
0262,./images/2/frame_00262.jpg,Warning,0.40753525495529175,0.2688167691230774,-0.13790521025657654,0.406438410282135,0.2571304440498352,-0.14518913626670837,0.4070902466773987,0.25545966625213623,-0.14520582556724548,0.40784668922424316,0.25349047780036926,-0.14524897933006287,0.40651434659957886,0.2583194971084595,-0.13079603016376495,0.40717774629592896,0.25747445225715637,-0.13080544769763947,0.40727806091308594,0.256451815366745,-0.1308048665523529,0.4140602946281433,0.24395184218883514,-0.14137409627437592,0.4117867946624756,0.2489774227142334,-0.0754799023270607,0.41290679574012756,0.26881030201911926,-0.1332496702671051,0.4118158221244812,0.2705400586128235,-0.11419365555047989,0.44649362564086914,0.26612022519111633,-0.1359294205904007,0.4232370853424072,0.2766683101654053,0.002997115720063448,0.47566407918930054,0.28488868474960327,-0.14378514885902405,0.4156767725944519,0.3136586546897888,0.09205254167318344,0.47574591636657715,0.3338898718357086,-0.15593668818473816,0.4055028557777405,0.34889087080955505,0.09817861765623093,0.47754424810409546,0.3518199324607849,-0.1723838746547699,0.40318527817726135,0.3579695522785187,0.10216355323791504,0.472764253616333,0.35317739844322205,-0.17460890114307404,0.403358519077301,0.3584468364715576,0.08171822130680084,0.4715080261230469,0.34699690341949463,-0.15607276558876038,0.4044669568538666,0.3561641573905945,0.08988386392593384,0.4584173262119293,0.3804630637168884,-0.04707517474889755,0.4444928765296936,0.3782915472984314,0.04714913293719292,0.4411296844482422,0.4621315002441406,-0.016794299706816673,0.4386463761329651,0.4599067270755768,0.07625333964824677,0.45089155435562134,0.5404962301254272,0.053450457751750946,0.4471611976623535,0.5332067012786865,0.1514759361743927,0.4559146761894226,0.5585907101631165,0.05820361524820328,0.4516618847846985,0.5459743738174438,0.15847712755203247,0.4349755644798279,0.5562577843666077,0.011819669976830482,0.4330722391605377,0.5513432621955872,0.12275630235671997
0263,./images/2/frame_00263.jpg,Warning,0.4073442816734314,0.2719116806983948,-0.12999431788921356,0.40653562545776367,0.2612972855567932,-0.13656793534755707,0.40737342834472656,0.25963252782821655,-0.1365968883037567,0.4082513451576233,0.2574161887168884,-0.13665364682674408,0.4061962962150574,0.2622582018375397,-0.12320645153522491,0.40687814354896545,0.2614201307296753,-0.12321002781391144,0.40721893310546875,0.2604600787162781,-0.12320981174707413,0.4144938886165619,0.24877960979938507,-0.13005724549293518,0.41148027777671814,0.25318092107772827,-0.06918934732675552,0.412689745426178,0.2727082669734955,-0.1244388073682785,0.41145020723342896,0.2742439806461334,-0.10683204978704453,0.4456605017185211,0.2682606279850006,-0.12485669553279877,0.41962623596191406,0.2807503342628479,0.005319525953382254,0.4772680401802063,0.2852611839771271,-0.13611671328544617,0.41545337438583374,0.3134765923023224,0.09990525245666504,0.4754420220851898,0.3396714925765991,-0.14810912311077118,0.4073602259159088,0.3493357300758362,0.11943791061639786,0.4771119952201843,0.35747620463371277,-0.16327670216560364,0.40558353066444397,0.3578703999519348,0.12524309754371643,0.47230345010757446,0.362962007522583,-0.16581059992313385,0.4057251513004303,0.35794246196746826,0.10683216154575348,0.4712229371070862,0.35180506110191345,-0.14829093217849731,0.4072781205177307,0.3556936979293823,0.11240949481725693,0.4575624465942383,0.38800469040870667,-0.04541119560599327,0.4444419741630554,0.38328731060028076,0.04546552523970604,0.4420984387397766,0.46666958928108215,-0.007496260106563568,0.43861040472984314,0.46425098180770874,0.07536307722330093,0.4519641399383545,0.5410081744194031,0.07374267280101776,0.44890928268432617,0.5391950607299805,0.1573815941810608,0.45802974700927734,0.5573157072067261,0.0801086276769638,0.4548526704311371,0.5468901991844177,0.16401006281375885,0.4392487406730652,0.5602589249610901,0.03890704736113548,0.4366406500339508,0.5541483163833618,0.12558618187904358
0264,./images/2/frame_00264.jpg,Warning,0.4075460433959961,0.2740042209625244,-0.13471843302249908,0.40684670209884644,0.2641887068748474,-0.14252963662147522,0.40768417716026306,0.26279333233833313,-0.14255023002624512,0.4085715711116791,0.26044732332229614,-0.1426112949848175,0.40620049834251404,0.26460734009742737,-0.12890642881393433,0.40666094422340393,0.2636548578739166,-0.12890903651714325,0.40690428018569946,0.26261770725250244,-0.12890730798244476,0.4147900640964508,0.252424418926239,-0.14250655472278595,0.4113437533378601,0.2550611197948456,-0.08048467338085175,0.41303810477256775,0.27532893419265747,-0.1313384473323822,0.41192880272865295,0.2761780917644501,-0.11340682208538055,0.4448262155056,0.27208879590034485,-0.13897176086902618,0.41992679238319397,0.28082576394081116,-0.010150669142603874,0.47836336493492126,0.28981828689575195,-0.1497776359319687,0.4172891676425934,0.3136485517024994,0.08661429584026337,0.47381505370140076,0.3450338542461395,-0.16173851490020752,0.41006430983543396,0.34838244318962097,0.102613665163517,0.4748535752296448,0.3613673746585846,-0.17855527997016907,0.408402681350708,0.3568001985549927,0.10722359269857407,0.4695063531398773,0.3630009591579437,-0.18018390238285065,0.40777701139450073,0.35695478320121765,0.0893172174692154,0.46887701749801636,0.3563825488090515,-0.1615595817565918,0.40898627042770386,0.3548242449760437,0.09576020389795303,0.4570087790489197,0.39111679792404175,-0.045094430446624756,0.44650179147720337,0.3860417604446411,0.04513929411768913,0.4416932463645935,0.4678080677986145,0.024705538526177406,0.4397695064544678,0.46409928798675537,0.11891462653875351,0.45432597398757935,0.54295814037323,0.11234916746616364,0.4533153176307678,0.5367631912231445,0.217264324426651,0.4608334004878998,0.5566850304603577,0.11990165710449219,0.4591299593448639,0.5444319844245911,0.22619256377220154,0.4419001042842865,0.5613130927085876,0.08473829925060272,0.44086188077926636,0.552557647228241,0.1986871063709259
0265,./images/2/frame_00265.jpg,Warning,0.40730077028274536,0.2793898582458496,-0.13307435810565948,0.40676307678222656,0.2696760594844818,-0.14159883558750153,0.4075472354888916,0.26849478483200073,-0.14161783456802368,0.40840157866477966,0.2670723497867584,-0.14168423414230347,0.4059581160545349,0.2699398994445801,-0.1266976296901703,0.40628305077552795,0.26910752058029175,-0.1267017126083374,0.40639424324035645,0.2681918144226074,-0.1266983151435852,0.41479912400245667,0.2591911852359772,-0.1451614797115326,0.4112617075443268,0.262712299823761,-0.07753036916255951,0.4128100275993347,0.28229570388793945,-0.13124778866767883,0.4117630124092102,0.28282272815704346,-0.11167583614587784,0.4455502927303314,0.275728315114975,-0.13975217938423157,0.4211629331111908,0.28631970286369324,-0.010304187424480915,0.4802338480949402,0.2957644462585449,-0.15103188157081604,0.4181551933288574,0.3163164556026459,0.08350246399641037,0.47387367486953735,0.35425055027008057,-0.15299877524375916,0.4134801924228668,0.35290268063545227,0.10499167442321777,0.4751996099948883,0.37772682309150696,-0.16850101947784424,0.41344889998435974,0.3594568967819214,0.11011786758899689,0.46827298402786255,0.37694260478019714,-0.1686117798089981,0.4113464951515198,0.3595380187034607,0.09265367686748505,0.4689226746559143,0.3669983446598053,-0.15187355875968933,0.4124153256416321,0.35841307044029236,0.09836582839488983,0.4598313868045807,0.3929345905780792,-0.04502192884683609,0.4460548758506775,0.38952353596687317,0.045092206448316574,0.4457124173641205,0.4725981056690216,0.02312561497092247,0.43941211700439453,0.46807733178138733,0.07717447727918625,0.45761170983314514,0.5443987250328064,0.08517619222402573,0.45475226640701294,0.5374519228935242,0.17667639255523682,0.46337515115737915,0.5540361404418945,0.09300284832715988,0.45966821908950806,0.5439817905426025,0.1834707260131836,0.450386106967926,0.5703203678131104,0.05518565699458122,0.4457949101924896,0.5563697218894958,0.15332815051078796
0266,./images/2/frame_00266.jpg,Warning,0.40720152854919434,0.28362202644348145,-0.11877284944057465,0.4067520499229431,0.2745673358440399,-0.12810048460960388,0.4075896143913269,0.27339956164360046,-0.12812039256095886,0.40850216150283813,0.2720794379711151,-0.1281834989786148,0.4058351516723633,0.2748388350009918,-0.11304722726345062,0.40613049268722534,0.2739788591861725,-0.11304153501987457,0.40625613927841187,0.2730042040348053,-0.11304746568202972,0.4149520993232727,0.2639787197113037,-0.1367584764957428,0.41110363602638245,0.26729094982147217,-0.0684528574347496,0.412797212600708,0.2858409285545349,-0.11883439868688583,0.4116121232509613,0.28639692068099976,-0.09914366155862808,0.44553786516189575,0.2767183482646942,-0.1360142081975937,0.42272791266441345,0.28792381286621094,-0.0072235288098454475,0.48155874013900757,0.3028721213340759,-0.14957529306411743,0.4186118245124817,0.31537795066833496,0.08304067701101303,0.47365602850914,0.3630653917789459,-0.1493777185678482,0.4169347882270813,0.3523731827735901,0.11069902032613754,0.4757838845252991,0.38600456714630127,-0.164550319314003,0.4160494804382324,0.35898780822753906,0.11653350293636322,0.4688847064971924,0.38175973296165466,-0.1649964451789856,0.4152359068393707,0.35896390676498413,0.10026296228170395,0.46884265542030334,0.37481608986854553,-0.14824673533439636,0.4166826605796814,0.357721209526062,0.1047307476401329,0.4608116149902344,0.3949628174304962,-0.04438663274049759,0.4470437467098236,0.3924431800842285,0.04444216936826706,0.4473235607147217,0.4739014506340027,0.008186213672161102,0.4390241503715515,0.4688425362110138,0.08151371031999588,0.4587379992008209,0.5443053841590881,0.10292661190032959,0.4551963806152344,0.5374608635902405,0.18383640050888062,0.46520620584487915,0.5539686679840088,0.11174485832452774,0.4609707295894623,0.5445505976676941,0.19281123578548431,0.45124173164367676,0.5741995573043823,0.07797782123088837,0.4486721456050873,0.5634475946426392,0.1611088663339615
0267,./images/2/frame_00267.jpg,Warning,0.40739187598228455,0.28692394495010376,-0.1186794862151146,0.40706437826156616,0.278706431388855,-0.1274934709072113,0.407917320728302,0.2776673138141632,-0.12751418352127075,0.4087655544281006,0.27653786540031433,-0.12757907807826996,0.40607553720474243,0.27846598625183105,-0.11225537210702896,0.40628352761268616,0.27741849422454834,-0.11225280910730362,0.4063595235347748,0.2762402296066284,-0.11226023733615875,0.4153083264827728,0.2691981792449951,-0.13510914146900177,0.41145801544189453,0.2703908681869507,-0.06634977459907532,0.41302961111068726,0.2893877327442169,-0.11866949498653412,0.4118819236755371,0.2893889546394348,-0.09877295792102814,0.4454842209815979,0.2833453118801117,-0.1363651156425476,0.42476534843444824,0.2932209074497223,-0.006033345591276884,0.48133793473243713,0.310851126909256,-0.1566900759935379,0.4187653064727783,0.3159331977367401,0.0812809020280838,0.47355952858924866,0.3689013123512268,-0.15956246852874756,0.4212605357170105,0.3511194586753845,0.0992693230509758,0.4748161733150482,0.39076894521713257,-0.17586356401443481,0.4179292619228363,0.35076501965522766,0.10397760570049286,0.4682675004005432,0.38566702604293823,-0.17289267480373383,0.41736897826194763,0.3513851463794708,0.0880923643708229,0.4681110382080078,0.3788239061832428,-0.1572396457195282,0.4203820824623108,0.351065456867218,0.09320496022701263,0.46175822615623474,0.4003257751464844,-0.044360678642988205,0.44894176721572876,0.39882680773735046,0.044418420642614365,0.4476150572299957,0.48102468252182007,-0.0009661997901275754,0.4388411045074463,0.4717821776866913,0.06999329477548599,0.4603238105773926,0.554606556892395,0.08217765390872955,0.455435186624527,0.5442036390304565,0.17808710038661957,0.46601414680480957,0.563174843788147,0.08937709033489227,0.46273598074913025,0.5501871109008789,0.18927040696144104,0.4515421986579895,0.5857412815093994,0.05415455624461174,0.44939470291137695,0.5731620192527771,0.15736491978168488
0268,./images/2/frame_00268.jpg,Warning,0.40737444162368774,0.2869029641151428,-0.10971374809741974,0.40698856115341187,0.2783176600933075,-0.12207265943288803,0.4077318608760834,0.27743276953697205,-0.1220904216170311,0.4084431231021881,0.2763701379299164,-0.1222090944647789,0.40599584579467773,0.27804994583129883,-0.10101284086704254,0.40619438886642456,0.27711549401283264,-0.10100449621677399,0.4062979221343994,0.27596765756607056,-0.10100723803043365,0.415275901556015,0.26994749903678894,-0.12921248376369476,0.41188424825668335,0.2703496813774109,-0.06400088220834732,0.41298216581344604,0.2907574772834778,-0.11108571290969849,0.41185927391052246,0.2908201515674591,-0.09838075190782547,0.4447883069515228,0.29344430565834045,-0.14279259741306305,0.4285622239112854,0.29705366492271423,-0.0019465151708573103,0.4815030097961426,0.3165730834007263,-0.1701669991016388,0.42556628584861755,0.3177339434623718,0.07634368538856506,0.4741795063018799,0.3759538531303406,-0.16601747274398804,0.42727628350257874,0.3524700105190277,0.10306404531002045,0.47588539123535156,0.39886245131492615,-0.18287323415279388,0.4248970150947571,0.3523799479007721,0.11011369526386261,0.4687119424343109,0.3928315341472626,-0.17735227942466736,0.4248155951499939,0.35365164279937744,0.09560146182775497,0.4688132703304291,0.3880093991756439,-0.1628621220588684,0.4256191849708557,0.3568558692932129,0.09762853384017944,0.46266525983810425,0.4055681526660919,-0.04670248180627823,0.4522966742515564,0.40406355261802673,0.04675811156630516,0.44783902168273926,0.4851715862751007,-0.01898658648133278,0.4402443766593933,0.4767286479473114,0.07168972492218018,0.4608970582485199,0.5561940670013428,0.07722529023885727,0.45601749420166016,0.547648012638092,0.1711561232805252,0.46709179878234863,0.5643638968467712,0.08548062294721603,0.4624556601047516,0.5555894374847412,0.17996983230113983,0.45156988501548767,0.584312379360199,0.05963869020342827,0.44755521416664124,0.5751931667327881,0.1519087851047516
0269,./images/2/frame_00269.jpg,Warning,0.4076134264469147,0.2911626398563385,-0.09132129698991776,0.40701714158058167,0.28266993165016174,-0.10208126157522202,0.40769028663635254,0.28177979588508606,-0.10212258994579315,0.40838709473609924,0.28061196208000183,-0.10220032930374146,0.4064255356788635,0.282441109418869,-0.08396969735622406,0.4067598879337311,0.28149208426475525,-0.08396004140377045,0.40701621770858765,0.28034430742263794,-0.08398035168647766,0.4151831567287445,0.2727738618850708,-0.12491454929113388,0.41277533769607544,0.2735480070114136,-0.048074133694171906,0.41321316361427307,0.2948993146419525,-0.0986124724149704,0.4126950204372406,0.29466956853866577,-0.07698629796504974,0.44451579451560974,0.29601985216140747,-0.14509791135787964,0.43328580260276794,0.2991074323654175,0.0029907384887337685,0.48086220026016235,0.3197169303894043,-0.17337331175804138,0.44384104013442993,0.33525756001472473,0.06408228725194931,0.4731505811214447,0.37748605012893677,-0.1667150855064392,0.44349750876426697,0.3740469515323639,0.07273291051387787,0.4745374619960785,0.39531469345092773,-0.18495367467403412,0.44334107637405396,0.38319137692451477,0.07671421766281128,0.4680253863334656,0.3957326114177704,-0.1780475676059723,0.441607803106308,0.38405948877334595,0.06165342405438423,0.4681662917137146,0.38922202587127686,-0.1631830483675003,0.44158467650413513,0.38139283657073975,0.06622053682804108,0.4632572531700134,0.40775954723358154,-0.048600129783153534,0.45658478140830994,0.4056762754917145,0.04864611104130745,0.4469265937805176,0.4812518358230591,-0.004870552569627762,0.44100937247276306,0.4811207950115204,0.09195215255022049,0.45863208174705505,0.5539705753326416,0.10148457437753677,0.4549272954463959,0.5462978482246399,0.1962331384420395,0.464872270822525,0.5641545057296753,0.11137479543685913,0.4616168439388275,0.5544918179512024,0.20575523376464844,0.4487290382385254,0.5807437300682068,0.09086691588163376,0.44630199670791626,0.5712709426879883,0.18565544486045837
0270,./images/2/frame_00270.jpg,Warning,0.4081583619117737,0.3007950782775879,-0.09274037927389145,0.4071866571903229,0.2918446362018585,-0.10418105125427246,0.407764196395874,0.29114916920661926,-0.10419627279043198,0.40838178992271423,0.2904232442378998,-0.10426755994558334,0.4069131016731262,0.2912762463092804,-0.08428889513015747,0.4073426127433777,0.29021772742271423,-0.08428610861301422,0.40772491693496704,0.28909263014793396,-0.08431293070316315,0.4151190221309662,0.2845785319805145,-0.13195070624351501,0.4133959710597992,0.282840758562088,-0.06034510210156441,0.4137924611568451,0.30488041043281555,-0.10378428548574448,0.41381826996803284,0.30483072996139526,-0.08268915116786957,0.4438537657260895,0.3046756684780121,-0.15441961586475372,0.4345777630805969,0.3009088635444641,-0.007536253426223993,0.479459673166275,0.3305836617946625,-0.17985454201698303,0.43668532371520996,0.29189735651016235,0.07983529567718506,0.4722561240196228,0.38118964433670044,-0.16738523542881012,0.43632227182388306,0.29088667035102844,0.16199667751789093,0.47388213872909546,0.3989618122577667,-0.18234093487262726,0.4362434446811676,0.2885596454143524,0.17454640567302704,0.46760135889053345,0.39631542563438416,-0.17817619442939758,0.43613481521606445,0.2913318872451782,0.16827748715877533,0.46763721108436584,0.3898226022720337,-0.16477841138839722,0.43561846017837524,0.29326722025871277,0.16046108305454254,0.4670909345149994,0.40781500935554504,-0.04964587464928627,0.4621833860874176,0.4059397876262665,0.04964688792824745,0.44630932807922363,0.48040199279785156,0.024047741666436195,0.4413575530052185,0.4761609435081482,0.11187092959880829,0.45790401101112366,0.5525743961334229,0.12366949021816254,0.4543426036834717,0.5446760058403015,0.2155267745256424,0.4640454649925232,0.5638836622238159,0.1339261829853058,0.46085214614868164,0.5532200932502747,0.2248104065656662,0.4472239017486572,0.5792557001113892,0.11803966760635376,0.4440171718597412,0.5701577663421631,0.207667738199234
0271,./images/2/frame_00271.jpg,Warning,0.4081436097621918,0.3045279383659363,-0.06715039908885956,0.40717068314552307,0.2973933219909668,-0.0759057104587555,0.40775322914123535,0.29666611552238464,-0.07592053711414337,0.40835580229759216,0.295857697725296,-0.07595425099134445,0.4069327712059021,0.29693013429641724,-0.05937432497739792,0.4073917269706726,0.29600751399993896,-0.059365708380937576,0.4078179895877838,0.2948758900165558,-0.059386830776929855,0.41499948501586914,0.2900722622871399,-0.09889008849859238,0.4135412275791168,0.2887425422668457,-0.02584454044699669,0.4137796461582184,0.3074561059474945,-0.07479173690080643,0.41358208656311035,0.3075246512889862,-0.05359083414077759,0.4432215094566345,0.3103588819503784,-0.1357758492231369,0.4364643096923828,0.31156623363494873,0.022045429795980453,0.4780551493167877,0.3355027437210083,-0.153507262468338,0.45611995458602905,0.33981379866600037,0.06771036982536316,0.47215795516967773,0.3830164968967438,-0.12725034356117249,0.4611690938472748,0.3679026663303375,0.0664067342877388,0.4736621379852295,0.39699286222457886,-0.1426210254430771,0.46284812688827515,0.3746441602706909,0.06983118504285812,0.46730518341064453,0.39615297317504883,-0.13413485884666443,0.46054309606552124,0.3754143714904785,0.05788777396082878,0.4676845669746399,0.3911391794681549,-0.12293901294469833,0.4595121443271637,0.3728235960006714,0.06095919758081436,0.4704066812992096,0.4100702404975891,-0.05100376531481743,0.466836154460907,0.4092620015144348,0.05099831894040108,0.445830762386322,0.4781337380409241,0.012183072045445442,0.4442448019981384,0.47491252422332764,0.11254245042800903,0.45715761184692383,0.5518635511398315,0.10080188512802124,0.4554336965084076,0.5446979403495789,0.19679279625415802,0.4627140164375305,0.5629056096076965,0.1092815175652504,0.46076107025146484,0.5548157691955566,0.20429536700248718,0.44197940826416016,0.5719345211982727,0.09119514375925064,0.44386687874794006,0.5652863383293152,0.1890391707420349
0272,./images/2/frame_00272.jpg,Warning,0.4081244468688965,0.30974656343460083,-0.056195151060819626,0.40756353735923767,0.30302751064300537,-0.06492414325475693,0.40814894437789917,0.3020961284637451,-0.06493862718343735,0.40867581963539124,0.30103886127471924,-0.06496831774711609,0.4074089527130127,0.30289193987846375,-0.04847700893878937,0.4079461693763733,0.3019011914730072,-0.04846679046750069,0.4083733558654785,0.3006388545036316,-0.048490092158317566,0.41535720229148865,0.2951921224594116,-0.08814436197280884,0.4145938456058502,0.2939824163913727,-0.014594925567507744,0.41376200318336487,0.31240928173065186,-0.0638481080532074,0.4135800004005432,0.3126784563064575,-0.042499542236328125,0.44309288263320923,0.3184249997138977,-0.12271572649478912,0.43807452917099,0.3202285170555115,0.03444896638393402,0.4778658449649811,0.3401959538459778,-0.1411847323179245,0.4597199559211731,0.3565472960472107,0.06957190483808517,0.47076112031936646,0.3868114948272705,-0.11689960956573486,0.4629356861114502,0.38992056250572205,0.06263156235218048,0.46877408027648926,0.40120142698287964,-0.13235333561897278,0.4642254412174225,0.39787131547927856,0.06537340581417084,0.4656910300254822,0.39956963062286377,-0.1227554902434349,0.4618648588657379,0.3985218405723572,0.05279305577278137,0.4671328067779541,0.394448846578598,-0.11197620630264282,0.46103864908218384,0.39571940898895264,0.056736789643764496,0.47483786940574646,0.4128095805644989,-0.05138250067830086,0.47148895263671875,0.41320255398750305,0.05138123035430908,0.446087121963501,0.47465723752975464,0.01000626664608717,0.4484592080116272,0.4795406758785248,0.11136136204004288,0.4570770859718323,0.5501911044120789,0.0956524908542633,0.4554763734340668,0.5441383123397827,0.19301901757717133,0.46137094497680664,0.5620343685150146,0.10383594036102295,0.46114906668663025,0.5552924871444702,0.20018370449543,0.4405103623867035,0.5632964372634888,0.08931440114974976,0.44238847494125366,0.5605923533439636,0.18864211440086365
0273,./images/2/frame_00273.jpg,Warning,0.40866708755493164,0.3133280277252197,-0.031546737998723984,0.40846124291419983,0.30514925718307495,-0.04113207384943962,0.40895962715148926,0.30445197224617004,-0.04115196689963341,0.4093845784664154,0.3036709725856781,-0.04117945209145546,0.40842580795288086,0.3048032820224762,-0.024518731981515884,0.4089561998844147,0.30384647846221924,-0.024510908871889114,0.4093813896179199,0.30267778038978577,-0.024539273232221603,0.41627979278564453,0.2996573746204376,-0.06723885238170624,0.4162883162498474,0.29806095361709595,0.007040067110210657,0.4139236509799957,0.31620901823043823,-0.04026499018073082,0.4137671887874603,0.3165590167045593,-0.018703900277614594,0.44306033849716187,0.3240373730659485,-0.10592146217823029,0.44014278054237366,0.32475540041923523,0.05698569864034653,0.47519558668136597,0.35057520866394043,-0.11544269323348999,0.4659181237220764,0.36394283175468445,0.07950595766305923,0.4696785807609558,0.3912738263607025,-0.07826463133096695,0.4646337628364563,0.3949835002422333,0.05830595642328262,0.46732598543167114,0.4041998088359833,-0.09038282930850983,0.4649910032749176,0.4024507403373718,0.05998263880610466,0.4648100435733795,0.40444624423980713,-0.08363551646471024,0.4617532789707184,0.402617871761322,0.04759811609983444,0.46637457609176636,0.3979887366294861,-0.0742686316370964,0.461336225271225,0.39978325366973877,0.05184872820973396,0.47765907645225525,0.41246095299720764,-0.05380081385374069,0.47430866956710815,0.4149629473686218,0.05380355566740036,0.4460703432559967,0.46929630637168884,-0.017282988876104355,0.4478146433830261,0.47160398960113525,0.09454745054244995,0.456984281539917,0.5471634268760681,0.05034724622964859,0.45539984107017517,0.5404285192489624,0.1564597636461258,0.46050578355789185,0.5619120597839355,0.05684928968548775,0.4609519839286804,0.5538195967674255,0.16180135309696198,0.4388337731361389,0.5599267482757568,0.043130893260240555,0.4423085153102875,0.5548453330993652,0.15375354886054993
0274,./images/2/frame_00274.jpg,Warning,0.4129299521446228,0.32482993602752686,-0.015237735584378242,0.4126613140106201,0.31740280985832214,-0.025147374719381332,0.41317909955978394,0.31693729758262634,-0.0251653790473938,0.41365543007850647,0.31646817922592163,-0.02519463561475277,0.41253337264060974,0.3170951306819916,-0.009933835826814175,0.4130133092403412,0.31642138957977295,-0.009922197088599205,0.4134519696235657,0.3156321942806244,-0.009966576471924782,0.4228667616844177,0.31236520409584045,-0.052094221115112305,0.41983795166015625,0.309130996465683,0.016003459692001343,0.4177260994911194,0.3283671438694,-0.024078546091914177,0.4175236225128174,0.3282114267349243,-0.00432328786700964,0.4430426061153412,0.33407264947891235,-0.09384095668792725,0.44438034296035767,0.3316205143928528,0.06484856456518173,0.46783480048179626,0.3848779797554016,-0.09165935218334198,0.46573013067245483,0.3788672089576721,0.07958026230335236,0.46343469619750977,0.41449546813964844,-0.04560600966215134,0.4631795287132263,0.40410178899765015,0.047528769820928574,0.4630189836025238,0.4222603142261505,-0.053638655692338943,0.4637365937232971,0.41074851155281067,0.04823925718665123,0.4609270691871643,0.4183728098869324,-0.05120960623025894,0.4597782492637634,0.4096105694770813,0.037661463022232056,0.46170124411582947,0.4144796133041382,-0.04340223968029022,0.45929694175720215,0.40677663683891296,0.04143679141998291,0.4783761501312256,0.41695496439933777,-0.05498829483985901,0.4782368242740631,0.4178752899169922,0.0549905002117157,0.4451236128807068,0.46579381823539734,-0.044992364943027496,0.446807861328125,0.459646612405777,0.07993874698877335,0.4561138153076172,0.5475431084632874,0.004819207359105349,0.4555463194847107,0.5402016639709473,0.13012394309043884,0.4601719379425049,0.5616729259490967,0.009907029569149017,0.46085190773010254,0.5536190271377563,0.13412579894065857,0.4366069436073303,0.5601470470428467,-0.0038950848393142223,0.4416481554508209,0.5540865063667297,0.12557893991470337
0275,./images/2/frame_00275.jpg,Warning,0.4175437390804291,0.3340130150318146,0.03004929982125759,0.4160258173942566,0.3276039659976959,0.017827976495027542,0.41614827513694763,0.3274863362312317,0.01783771626651287,0.41626864671707153,0.327364981174469,0.017824014648795128,0.4166221618652344,0.3262591063976288,0.03219572454690933,0.4171432554721832,0.32523855566978455,0.03219512850046158,0.41802531480789185,0.32344281673431396,0.03214962035417557,0.42161455750465393,0.32397332787513733,-0.022648070007562637,0.4226117730140686,0.3174571394920349,0.04262508079409599,0.4213341772556305,0.336497038602829,0.016452956944704056,0.42180442810058594,0.33532989025115967,0.03536670282483101,0.4395568370819092,0.3437823951244354,-0.07272285223007202,0.44993844628334045,0.3291603922843933,0.07583729177713394,0.4593667984008789,0.3866270184516907,-0.11620201170444489,0.4687570631504059,0.37116795778274536,0.1091604232788086,0.4586428105831146,0.4102928936481476,-0.12421925365924835,0.46855562925338745,0.3936973512172699,0.11496974527835846,0.46069127321243286,0.41591382026672363,-0.1372080147266388,0.47031575441360474,0.39838969707489014,0.12321410328149796,0.4580637812614441,0.4129108786582947,-0.13024649024009705,0.4662546217441559,0.3983457386493683,0.11374130100011826,0.4584353566169739,0.4102793335914612,-0.12285785377025604,0.4649624228477478,0.39717525243759155,0.11067493259906769,0.479314386844635,0.4224833548069,-0.05416996031999588,0.4871599078178406,0.41742396354675293,0.0541640929877758,0.4452742040157318,0.46624839305877686,-0.04419959709048271,0.45127660036087036,0.4616963565349579,0.0814119428396225,0.4542369842529297,0.5473411679267883,-0.009716507978737354,0.4553755819797516,0.5357390642166138,0.12415890395641327,0.45838823914527893,0.561310350894928,-0.00581980450078845,0.46071386337280273,0.5498834252357483,0.12810519337654114,0.43736153841018677,0.560418963432312,-0.018608035519719124,0.4415973126888275,0.5486677885055542,0.12233324348926544
0276,./images/2/frame_00276.jpg,Warning,0.4184611439704895,0.3406077027320862,0.06268911063671112,0.41675156354904175,0.33589938282966614,0.04882005602121353,0.41666507720947266,0.33619794249534607,0.04884708300232887,0.41657108068466187,0.33640316128730774,0.04883924871683121,0.41782140731811523,0.33323225378990173,0.06357969343662262,0.4184618592262268,0.3317815065383911,0.06356775015592575,0.41937994956970215,0.3297181725502014,0.06351432204246521,0.42074522376060486,0.3329041004180908,0.000992590095847845,0.4234558939933777,0.3246913254261017,0.06866477429866791,0.42213407158851624,0.3422739505767822,0.04675005003809929,0.42321842908859253,0.34001603722572327,0.06634532660245895,0.4369192123413086,0.3523924946784973,-0.05346950888633728,0.4513076841831207,0.3295232355594635,0.09692582488059998,0.45419853925704956,0.38302552700042725,-0.12699787318706512,0.46713072061538696,0.36723360419273376,0.16116154193878174,0.4566667973995209,0.403737336397171,-0.19838930666446686,0.4639075696468353,0.3875247538089752,0.21710388362407684,0.4588918685913086,0.4088052213191986,-0.21645435690879822,0.465251624584198,0.39072009921073914,0.23523803055286407,0.4579175114631653,0.40638092160224915,-0.2072940319776535,0.46131449937820435,0.39151492714881897,0.2260422706604004,0.45753803849220276,0.40437746047973633,-0.1970691680908203,0.4601491093635559,0.3917510211467743,0.21477386355400085,0.48109787702560425,0.42342379689216614,-0.0551772341132164,0.48976007103919983,0.4166869819164276,0.05516117811203003,0.446333646774292,0.46662402153015137,-0.05549177527427673,0.45508259534835815,0.46346524357795715,0.07448194175958633,0.453524649143219,0.5473436117172241,-0.03873324394226074,0.4554505944252014,0.5344585180282593,0.10284298658370972,0.4576500952243805,0.5618326663970947,-0.0361403189599514,0.4606165289878845,0.5497394800186157,0.10629286617040634,0.4351591169834137,0.5611247420310974,-0.04830479994416237,0.4414760172367096,0.5478154420852661,0.10171397030353546
0277,./images/2/frame_00277.jpg,Warning,0.4226354956626892,0.34033170342445374,0.0616825707256794,0.4209138751029968,0.3366412818431854,0.04724939912557602,0.42072615027427673,0.33843183517456055,0.04729428142309189,0.42047905921936035,0.33986061811447144,0.04729171469807625,0.42245039343833923,0.33180317282676697,0.05769180506467819,0.42343538999557495,0.32967686653137207,0.05768697336316109,0.4241247773170471,0.3280385434627533,0.057653289288282394,0.42327213287353516,0.33950507640838623,0.0021611270494759083,0.42737022042274475,0.3268148601055145,0.051201604306697845,0.42612195014953613,0.34403958916664124,0.04757023975253105,0.42778316140174866,0.3394552767276764,0.06159905344247818,0.43720659613609314,0.3624730408191681,-0.041439153254032135,0.4522949755191803,0.32755112648010254,0.07997529953718185,0.43872958421707153,0.37756749987602234,-0.09724988043308258,0.44968175888061523,0.3376116156578064,0.1741083413362503,0.4367016851902008,0.378498375415802,-0.17074762284755707,0.43295416235923767,0.3381521999835968,0.25928157567977905,0.4381209909915924,0.37590327858924866,-0.17501509189605713,0.43165794014930725,0.3348260521888733,0.27831441164016724,0.4384118914604187,0.3741350769996643,-0.2031797617673874,0.42983055114746094,0.3404363989830017,0.2695660889148712,0.43810588121414185,0.37584424018859863,-0.1744939386844635,0.429617315530777,0.3440612256526947,0.25811120867729187,0.4826115071773529,0.42580386996269226,-0.05484061315655708,0.4922550320625305,0.41797393560409546,0.05491257458925247,0.447517454624176,0.46613261103630066,-0.06274883449077606,0.45691466331481934,0.46534067392349243,0.06348678469657898,0.45269155502319336,0.5470606684684753,-0.056454576551914215,0.45540618896484375,0.5348976850509644,0.07817569375038147,0.45691218972206116,0.5615055561065674,-0.0545571930706501,0.4600276052951813,0.5502156019210815,0.07986465096473694,0.43487802147865295,0.5621047616004944,-0.06790826469659805,0.441819429397583,0.5495602488517761,0.06904641538858414
0278,./images/2/frame_00278.jpg,Warning,0.4234902262687683,0.3509421944618225,0.07237396389245987,0.4213070869445801,0.3473489582538605,0.056387998163700104,0.42118439078330994,0.34841063618659973,0.05641518905758858,0.4210622310638428,0.3493339419364929,0.056405168026685715,0.4228101670742035,0.3421207368373871,0.06918264180421829,0.4235066771507263,0.3403431177139282,0.06917913258075714,0.4241092801094055,0.33881086111068726,0.06912578642368317,0.42417049407958984,0.34663769602775574,0.004183435346931219,0.4277001917362213,0.3364534378051758,0.06341348588466644,0.426918089389801,0.35372382402420044,0.05554783344268799,0.4287497401237488,0.34881141781806946,0.07265964150428772,0.43762993812561035,0.36579713225364685,-0.04406990855932236,0.45414525270462036,0.337988018989563,0.08614213764667511,0.4411228597164154,0.3741767108440399,-0.11246035993099213,0.45665407180786133,0.3523998558521271,0.1635609269142151,0.43879151344299316,0.3693389594554901,-0.1862780600786209,0.4337386190891266,0.3519272804260254,0.23197336494922638,0.4396369457244873,0.3649645447731018,-0.20269668102264404,0.43473559617996216,0.3530511260032654,0.24946749210357666,0.4404989778995514,0.3638691008090973,-0.19872955977916718,0.4331899583339691,0.3564491271972656,0.2415221929550171,0.4402833580970764,0.36677199602127075,-0.18652024865150452,0.43348461389541626,0.35744425654411316,0.23052437603473663,0.4850894808769226,0.42738258838653564,-0.05466408282518387,0.4942875802516937,0.4218473732471466,0.05470855161547661,0.44790539145469666,0.4663941264152527,-0.054188795387744904,0.4609120786190033,0.4715031385421753,0.0644313171505928,0.4527244567871094,0.547207236289978,-0.04580901935696602,0.45568037033081055,0.5391162037849426,0.06684203445911407,0.45702075958251953,0.5619587302207947,-0.04432990401983261,0.4600093364715576,0.5562801957130432,0.06727661937475204,0.43555790185928345,0.5625693202018738,-0.059780798852443695,0.4417684078216553,0.5496583580970764,0.05479953810572624
0279,./images/2/frame_00279.jpg,Warning,0.42431074380874634,0.360212504863739,0.05689084529876709,0.4219849109649658,0.356526255607605,0.042455315589904785,0.42189106345176697,0.3573659360408783,0.042482320219278336,0.42182621359825134,0.3580213189125061,0.042471885681152344,0.4234011769294739,0.3515326678752899,0.05379670858383179,0.42413538694381714,0.3494916558265686,0.053786300122737885,0.42483043670654297,0.34754103422164917,0.053735069930553436,0.425243616104126,0.35422536730766296,-0.0025663026608526707,0.4283551275730133,0.34378618001937866,0.049847424030303955,0.42795270681381226,0.362228661775589,0.04248949512839317,0.42942553758621216,0.3583056628704071,0.057519249618053436,0.4385645389556885,0.37524205446243286,-0.04691091924905777,0.4564988613128662,0.3397175967693329,0.08258217573165894,0.44964462518692017,0.4017910957336426,-0.061962615698575974,0.4677664637565613,0.36566978693008423,0.16560712456703186,0.4431631565093994,0.3825526833534241,-0.03522597253322601,0.4526979327201843,0.3706817626953125,0.23436860740184784,0.4438229203224182,0.36803746223449707,-0.03889814764261246,0.45152872800827026,0.37047937512397766,0.25203728675842285,0.4439980983734131,0.3705424964427948,-0.03783530741930008,0.4493864178657532,0.37426406145095825,0.2451307326555252,0.4440402090549469,0.36707407236099243,-0.034215908497571945,0.4493570923805237,0.37506964802742004,0.2333216369152069,0.4879688322544098,0.4310922920703888,-0.054077208042144775,0.4972901940345764,0.4247590899467468,0.05412035062909126,0.4488511085510254,0.4665215015411377,-0.04893265664577484,0.46375060081481934,0.46982887387275696,0.0664292648434639,0.4527053236961365,0.5467607975006104,-0.02468615211546421,0.45539551973342896,0.539094865322113,0.08727613091468811,0.4571155905723572,0.5620025992393494,-0.02102491445839405,0.46001219749450684,0.5562134385108948,0.0893162339925766,0.435828298330307,0.5601992011070251,-0.029725253582000732,0.4411129951477051,0.5492597818374634,0.07906018197536469
0280,./images/2/frame_00280.jpg,Warning,0.4245688319206238,0.3725730776786804,0.0555855929851532,0.4224988520145416,0.3681388795375824,0.04233991727232933,0.42248257994651794,0.36859384179115295,0.04236424341797829,0.42268604040145874,0.369326114654541,0.04235085844993591,0.4234960675239563,0.3644803762435913,0.05425592511892319,0.42411985993385315,0.3626236319541931,0.05424511432647705,0.4248497486114502,0.36025315523147583,0.05420224741101265,0.4264276921749115,0.3640493154525757,0.0014591878280043602,0.42854389548301697,0.3543663024902344,0.056282348930835724,0.42837125062942505,0.3733940124511719,0.04253911226987839,0.4296008050441742,0.3703314960002899,0.05836128443479538,0.4408433437347412,0.38239139318466187,-0.03837974742054939,0.45744696259498596,0.34804707765579224,0.08555974066257477,0.44969773292541504,0.3891872763633728,-0.06675836443901062,0.47205066680908203,0.3608153462409973,0.1638839989900589,0.4449695944786072,0.37088149785995483,-0.053886573761701584,0.4619895815849304,0.3613261878490448,0.23191718757152557,0.4455362856388092,0.3648362457752228,-0.0595635287463665,0.46157732605934143,0.36073532700538635,0.2487904280424118,0.44541940093040466,0.3632054924964905,-0.05791148543357849,0.45919862389564514,0.36322274804115295,0.242054745554924,0.44558486342430115,0.3637275993824005,-0.0531858429312706,0.4587089419364929,0.3647335171699524,0.23077209293842316,0.4914596676826477,0.435072660446167,-0.053704798221588135,0.4976747930049896,0.4260668158531189,0.05370120331645012,0.44998353719711304,0.4665558338165283,-0.047369055449962616,0.461880624294281,0.4651268720626831,0.05821710079908371,0.4525749683380127,0.5460131764411926,-0.02578687109053135,0.45490938425064087,0.5389832258224487,0.07113117724657059,0.45667824149131775,0.5619029402732849,-0.022415071725845337,0.4584197998046875,0.5556767582893372,0.07225491851568222,0.43589073419570923,0.5608452558517456,-0.030701393261551857,0.44080716371536255,0.5499693751335144,0.06260126829147339
0281,./images/2/frame_00281.jpg,Warning,0.42562752962112427,0.37931403517723083,0.03619483858346939,0.42412909865379333,0.3756557106971741,0.02398812398314476,0.42419394850730896,0.37631112337112427,0.024007586762309074,0.4243319034576416,0.3768499493598938,0.02398844063282013,0.42491570115089417,0.3713265359401703,0.0355750173330307,0.42556729912757874,0.3693123161792755,0.03556516394019127,0.4263264238834381,0.3669775128364563,0.03553396835923195,0.4280213713645935,0.3725571036338806,-0.011052473448216915,0.42996397614479065,0.36204275488853455,0.04197518527507782,0.429131418466568,0.38104620575904846,0.025080326944589615,0.43035274744033813,0.3771977722644806,0.04032013565301895,0.44348400831222534,0.3908781409263611,-0.04112370312213898,0.4582691192626953,0.35238736867904663,0.07606728374958038,0.4520391523838043,0.3923797309398651,-0.009991131722927094,0.4740867018699646,0.3514012396335602,0.15113113820552826,0.44935059547424316,0.3738018572330475,0.08071033656597137,0.46347999572753906,0.3567890226840973,0.21602372825145721,0.44939446449279785,0.3716057538986206,0.08589725196361542,0.4616922438144684,0.35878580808639526,0.23327204585075378,0.44996529817581177,0.37001028656959534,0.0878991037607193,0.4604349732398987,0.361288845539093,0.2271735668182373,0.45036259293556213,0.3697597086429596,0.08377041667699814,0.46055975556373596,0.3614116609096527,0.21534359455108643,0.49427762627601624,0.43830427527427673,-0.05340348929166794,0.497478723526001,0.4275349974632263,0.05338987708091736,0.45218801498413086,0.4663090705871582,-0.052154917269945145,0.4612356722354889,0.46226251125335693,0.04462616518139839,0.45273178815841675,0.5461777448654175,-0.029645487666130066,0.4531935155391693,0.5368738174438477,0.06738556176424026,0.4571413993835449,0.56229567527771,-0.026447763666510582,0.4570481777191162,0.5525551438331604,0.06935548782348633,0.43585124611854553,0.5604795813560486,-0.03444204479455948,0.4386782646179199,0.5484062433242798,0.0643044114112854
0282,./images/2/frame_00282.jpg,Warning,0.42870450019836426,0.3842131793498993,0.04012054204940796,0.4269765019416809,0.38019901514053345,0.029147382825613022,0.4271153509616852,0.38124093413352966,0.029175857082009315,0.4273216128349304,0.38211795687675476,0.02916295826435089,0.4277650713920593,0.3751404285430908,0.03814892843365669,0.4284491539001465,0.37294700741767883,0.03813997656106949,0.4291127622127533,0.37064579129219055,0.038110099732875824,0.43123072385787964,0.38037461042404175,0.00018061671289615333,0.43317705392837524,0.36619460582733154,0.04159265011548996,0.43270379304885864,0.3874410390853882,0.03149983659386635,0.4337270259857178,0.3828365206718445,0.04331480711698532,0.44809064269065857,0.40134212374687195,-0.022389788180589676,0.4602420926094055,0.3568722605705261,0.0736660361289978,0.4609230160713196,0.4127945303916931,0.03014316037297249,0.47650599479675293,0.3422372043132782,0.14835505187511444,0.4567505717277527,0.38531002402305603,0.13205747306346893,0.4652119278907776,0.3580109179019928,0.20824117958545685,0.4565841257572174,0.37868833541870117,0.13945451378822327,0.46276235580444336,0.35488730669021606,0.22388920187950134,0.45681706070899963,0.3743996024131775,0.14001727104187012,0.46211370825767517,0.35781556367874146,0.21714437007904053,0.4568423330783844,0.3755760192871094,0.13488367199897766,0.46245241165161133,0.35773375630378723,0.20757165551185608,0.49492207169532776,0.44738465547561646,-0.052377499639987946,0.49983805418014526,0.4312490224838257,0.05235537886619568,0.4516903758049011,0.46667641401290894,-0.048129405826330185,0.4598768353462219,0.459828644990921,0.042565371841192245,0.4528055191040039,0.5461931824684143,-0.01974840648472309,0.45321792364120483,0.5378517508506775,0.051576800644397736,0.4569581151008606,0.5670856833457947,-0.01638685166835785,0.4572019577026367,0.5527420043945312,0.05180815979838371,0.43548551201820374,0.5606642961502075,-0.024987008422613144,0.43882712721824646,0.5488036274909973,0.042423687875270844
0283,./images/2/frame_00283.jpg,Warning,0.43443068861961365,0.3846646249294281,0.04127857834100723,0.4320462644100189,0.3818497061729431,0.029321391135454178,0.43198758363723755,0.383426696062088,0.02935529127717018,0.4319985806941986,0.3847832977771759,0.029341991990804672,0.43315261602401733,0.3757072389125824,0.03597315773367882,0.43395429849624634,0.37304389476776123,0.035954393446445465,0.43469029664993286,0.3707437813282013,0.035927604883909225,0.4346705973148346,0.3849118947982788,-0.004396809730678797,0.4377474784851074,0.36857447028160095,0.02681061625480652,0.4372224807739258,0.38909801840782166,0.031149214133620262,0.43861356377601624,0.3833048939704895,0.039971254765987396,0.450042188167572,0.4079749584197998,-0.023843970149755478,0.46223679184913635,0.364401638507843,0.053569942712783813,0.4629491865634918,0.4177212119102478,0.04099981114268303,0.476466566324234,0.34322217106819153,0.13196294009685516,0.45966267585754395,0.3880976438522339,0.1488923728466034,0.46853238344192505,0.35911309719085693,0.20065899193286896,0.4598064422607422,0.38148826360702515,0.15789219737052917,0.46524882316589355,0.3557528555393219,0.21603170037269592,0.4602251946926117,0.37494832277297974,0.1567821055650711,0.46441587805747986,0.3584555685520172,0.20986711978912354,0.4600924849510193,0.3765895366668701,0.15096375346183777,0.46432995796203613,0.35859858989715576,0.2002410590648651,0.49570807814598083,0.4560440480709076,-0.047500915825366974,0.502757728099823,0.43596234917640686,0.047469113022089005,0.45166054368019104,0.4668821692466736,-0.037779662758111954,0.458543062210083,0.45544812083244324,0.049053482711315155,0.45303601026535034,0.5451755523681641,-0.0010837912559509277,0.45542678236961365,0.5378562211990356,0.06845216453075409,0.45742639899253845,0.5669667720794678,0.0037381681613624096,0.4598913788795471,0.5526314377784729,0.06985317170619965,0.43661004304885864,0.5609747767448425,-0.0021434486843645573,0.44006189703941345,0.5487099289894104,0.05942729115486145
0284,./images/2/frame_00284.jpg,Warning,0.43498778343200684,0.3946663439273834,0.028934363275766373,0.4333210587501526,0.39020487666130066,0.020156076177954674,0.43344783782958984,0.39108559489250183,0.020188840106129646,0.433615505695343,0.3918289542198181,0.02013893611729145,0.4339368939399719,0.3856125771999359,0.027054261416196823,0.4345173239707947,0.3834722638130188,0.027019178494811058,0.43510541319847107,0.38146281242370605,0.02699173614382744,0.4365796148777008,0.3901183605194092,-0.011026935651898384,0.4388144910335541,0.37696537375450134,0.027983814477920532,0.43851572275161743,0.3971686065196991,0.023674441501498222,0.43917927145957947,0.393473356962204,0.03221887722611427,0.45447468757629395,0.4098990261554718,-0.03121297061443329,0.4620644450187683,0.37533095479011536,0.05755137652158737,0.4747318625450134,0.4340399503707886,0.019397733733057976,0.47641927003860474,0.36030489206314087,0.13323158025741577,0.4713307321071625,0.4243038594722748,0.11096452176570892,0.47578078508377075,0.35809817910194397,0.18946857750415802,0.4716302454471588,0.4253266155719757,0.11726889759302139,0.4751501679420471,0.3524702489376068,0.20302319526672363,0.4714244306087494,0.41958439350128174,0.11546965688467026,0.47349491715431213,0.35408785939216614,0.19724807143211365,0.4712751507759094,0.4182227551937103,0.1127839908003807,0.4723682403564453,0.3559776246547699,0.1892831027507782,0.4997469484806061,0.460859090089798,-0.04904068261384964,0.502677321434021,0.4431462287902832,0.04903876408934593,0.4518028199672699,0.47009629011154175,-0.05316310003399849,0.4531053900718689,0.4566798210144043,0.03832658752799034,0.4530406892299652,0.5475584864616394,-0.03349721059203148,0.452155202627182,0.5446581244468689,0.03186614066362381,0.4577978551387787,0.5665085911750793,-0.03169336915016174,0.4572008550167084,0.5594329833984375,0.029199859127402306,0.435856431722641,0.5684791803359985,-0.048777736723423004,0.43764108419418335,0.55583655834198,0.009763287380337715
0285,./images/2/frame_00285.jpg,Warning,0.43838030099868774,0.39397844672203064,0.03657447546720505,0.43606051802635193,0.39197954535484314,0.025466248393058777,0.43600326776504517,0.3934754729270935,0.025483930483460426,0.43597322702407837,0.39484623074531555,0.025450417771935463,0.43702930212020874,0.38631561398506165,0.031716469675302505,0.4375879168510437,0.3843070864677429,0.031687088310718536,0.43813076615333557,0.3825152516365051,0.03166179358959198,0.43817138671875,0.3954382538795471,-0.007406134158372879,0.44117969274520874,0.3794923424720764,0.025343963876366615,0.4412787854671478,0.3979984223842621,0.02735465206205845,0.44254517555236816,0.39256608486175537,0.03565707802772522,0.45474499464035034,0.417158842086792,-0.025776177644729614,0.464575856924057,0.3762996792793274,0.051113925874233246,0.4719292223453522,0.4295141100883484,0.03384203463792801,0.4802676737308502,0.3583682179450989,0.1185794323682785,0.47275310754776,0.41824930906295776,0.13687710464000702,0.47710004448890686,0.35818639397621155,0.18123380839824677,0.4744521677494049,0.4184853434562683,0.14599007368087769,0.4784300923347473,0.3538977801799774,0.1953628659248352,0.47394275665283203,0.4148474335670471,0.14478273689746857,0.4764220118522644,0.356486439704895,0.19022536277770996,0.4734644889831543,0.4133365750312805,0.13898107409477234,0.47652119398117065,0.357683002948761,0.18122391402721405,0.4995938837528229,0.46632131934165955,-0.046682585030794144,0.5051490664482117,0.4482176899909973,0.04667122662067413,0.45255619287490845,0.470347136259079,-0.04033469781279564,0.4564475417137146,0.4548627734184265,0.04008600115776062,0.4540204107761383,0.5475400686264038,-0.0031792637892067432,0.45530954003334045,0.5397568345069885,0.0476551316678524,0.45842355489730835,0.566251814365387,0.0009974599815905094,0.4600498080253601,0.5541207194328308,0.04723577946424484,0.43546947836875916,0.5682233572006226,-0.0085466168820858,0.4402446150779724,0.5539851188659668,0.033360399305820465
0286,./images/2/frame_00286.jpg,Warning,0.44208449125289917,0.3981754183769226,0.0443107970058918,0.4393470883369446,0.3965192437171936,0.031209921464323997,0.4391409456729889,0.3981650173664093,0.03121665120124817,0.43897294998168945,0.39975008368492126,0.03118680976331234,0.4404372274875641,0.39127567410469055,0.0381431058049202,0.4409465193748474,0.38954877853393555,0.03811657428741455,0.4414879381656647,0.3878422975540161,0.0380893349647522,0.44067105650901794,0.40161246061325073,-0.009355069138109684,0.44423213601112366,0.3859875500202179,0.02438930608332157,0.4442625939846039,0.40269750356674194,0.03132053464651108,0.4457358717918396,0.39772936701774597,0.04052365571260452,0.45581120252609253,0.42214882373809814,-0.03127569705247879,0.46784597635269165,0.3802924156188965,0.04397114738821983,0.4696086049079895,0.43406665325164795,0.016101770102977753,0.48096275329589844,0.3677588999271393,0.11268626153469086,0.4676443040370941,0.4223273694515228,0.09672290086746216,0.48612675070762634,0.34714579582214355,0.17811700701713562,0.4687127470970154,0.42285820841789246,0.10185430943965912,0.48769649863243103,0.3432810604572296,0.1909860223531723,0.46811747550964355,0.41876301169395447,0.09911803901195526,0.4862789213657379,0.34574371576309204,0.1859913170337677,0.46786969900131226,0.4173990488052368,0.09761739522218704,0.4862249791622162,0.347243070602417,0.17811211943626404,0.5011757016181946,0.47325775027275085,-0.045212484896183014,0.5077877044677734,0.4534696936607361,0.04521527141332626,0.45636337995529175,0.4770888388156891,-0.04057847708463669,0.45664364099502563,0.45360231399536133,0.04610462486743927,0.45329293608665466,0.5476910471916199,-0.003134131897240877,0.45514315366744995,0.5383760333061218,0.0618431493639946,0.457709401845932,0.5620954036712646,0.0012716606725007296,0.459277868270874,0.5535211563110352,0.06240684539079666,0.43326935172080994,0.5671405792236328,-0.011420058086514473,0.4404890537261963,0.5520464181900024,0.04749159514904022
0287,./images/2/frame_00287.jpg,Warning,0.4443527162075043,0.401217520236969,0.051237355917692184,0.44150298833847046,0.3994291424751282,0.0378464050590992,0.4411855638027191,0.4011475443840027,0.03785734251141548,0.4409121572971344,0.4028223752975464,0.03781848028302193,0.4428367018699646,0.39438509941101074,0.045860860496759415,0.44343075156211853,0.3927391767501831,0.04583802446722984,0.44399911165237427,0.3912590742111206,0.04580540582537651,0.44270163774490356,0.4050370156764984,-0.004377769306302071,0.44688740372657776,0.389525443315506,0.032174933701753616,0.44634395837783813,0.40618014335632324,0.03788001462817192,0.4480776786804199,0.40142500400543213,0.04846350476145744,0.45742422342300415,0.42488402128219604,-0.026894012466073036,0.47103995084762573,0.38459476828575134,0.05008075758814812,0.4682651460170746,0.43881556391716003,0.02172570489346981,0.48838910460472107,0.37073037028312683,0.1163574606180191,0.4689338803291321,0.43200233578681946,0.10062038898468018,0.49154001474380493,0.34306490421295166,0.177933931350708,0.47097477316856384,0.4339996874332428,0.10820333659648895,0.4931609630584717,0.3394047021865845,0.1905597299337387,0.4710845947265625,0.42942968010902405,0.10452350229024887,0.49246272444725037,0.3402261435985565,0.18573349714279175,0.4704535901546478,0.42769885063171387,0.10158585011959076,0.4918243885040283,0.34296926856040955,0.1779373437166214,0.5027214288711548,0.4786069989204407,-0.04465392976999283,0.5102112889289856,0.45890071988105774,0.04464545100927353,0.45643067359924316,0.48317068815231323,-0.03440488129854202,0.4582247734069824,0.4543958902359009,0.048357076942920685,0.45364633202552795,0.5480727553367615,0.005554180592298508,0.45616310834884644,0.5394872426986694,0.05848385766148567,0.45765891671180725,0.5675010085105896,0.010313684120774269,0.4600142538547516,0.5548095107078552,0.05813608318567276,0.43367108702659607,0.5668568015098572,-0.0032944069243967533,0.4428711533546448,0.5526878237724304,0.04227109253406525
0288,./images/2/frame_00288.jpg,Warning,0.44735240936279297,0.4047938883304596,0.05950931832194328,0.4443491995334625,0.40340185165405273,0.046315621584653854,0.4439913332462311,0.40515926480293274,0.04633061960339546,0.44368472695350647,0.4068409502506256,0.046293798834085464,0.4458843767642975,0.3982582986354828,0.052903611212968826,0.44654375314712524,0.39667361974716187,0.05287954956293106,0.4471791386604309,0.3952186107635498,0.05284249037504196,0.4455742835998535,0.4090757966041565,0.0029802618082612753,0.4501480460166931,0.39368125796318054,0.03389028459787369,0.44940072298049927,0.4099769592285156,0.04571376368403435,0.4512261748313904,0.4053322672843933,0.054356157779693604,0.4600648283958435,0.4328650236129761,-0.01989862509071827,0.4739662706851959,0.390383780002594,0.04585576802492142,0.4679350256919861,0.4528629779815674,0.03799278661608696,0.4879244267940521,0.3717377483844757,0.09938029944896698,0.4700852036476135,0.44707220792770386,0.12439735978841782,0.49625176191329956,0.34157878160476685,0.15122365951538086,0.4722014367580414,0.4493667185306549,0.13352063298225403,0.49867621064186096,0.33669474720954895,0.16174598038196564,0.4728547930717468,0.4443008005619049,0.12946142256259918,0.49786680936813354,0.33751651644706726,0.15741172432899475,0.4722421169281006,0.44246190786361694,0.12542958557605743,0.4970180094242096,0.340758353471756,0.15140686929225922,0.5031508207321167,0.48403477668762207,-0.04180426150560379,0.5116181373596191,0.46289172768592834,0.04177139699459076,0.45813316106796265,0.48977524042129517,-0.02905086800456047,0.46159395575523376,0.4577897787094116,0.04626462981104851,0.45636042952537537,0.5506582856178284,0.014885464683175087,0.45868992805480957,0.5394995212554932,0.04052192345261574,0.4612407088279724,0.5650659799575806,0.020261693745851517,0.4622669219970703,0.5548234581947327,0.038750968873500824,0.440604031085968,0.5665983557701111,0.012238659895956516,0.4426038861274719,0.551383376121521,0.024593167006969452
0289,./images/2/frame_00289.jpg,Warning,0.4510270655155182,0.40810373425483704,0.06960425525903702,0.4478835165500641,0.4071057140827179,0.057375021278858185,0.4474908709526062,0.40904584527015686,0.057393062859773636,0.4471469819545746,0.41088563203811646,0.05736273527145386,0.4494919180870056,0.4017201364040375,0.06382767111063004,0.45013850927352905,0.4002353250980377,0.06379789113998413,0.45080631971359253,0.39878326654434204,0.0637512058019638,0.44931307435035706,0.41307708621025085,0.015862632542848587,0.4538951814174652,0.3973903954029083,0.04578988254070282,0.45302876830101013,0.4134886860847473,0.05605056881904602,0.45483383536338806,0.4084533751010895,0.06443916261196136,0.46362775564193726,0.44077083468437195,-0.010747849941253662,0.4770175516605377,0.3932984173297882,0.0492451936006546,0.46797409653663635,0.4648985266685486,0.045061636716127396,0.4917590022087097,0.37153223156929016,0.101296566426754,0.46823230385780334,0.46280038356781006,0.1311926543712616,0.5005584955215454,0.34086406230926514,0.1459861397743225,0.4699631333351135,0.4671306610107422,0.1399705708026886,0.5033563375473022,0.3351680338382721,0.1555710881948471,0.47011423110961914,0.46167370676994324,0.13660140335559845,0.5018841028213501,0.33703169226646423,0.15114912390708923,0.4696837067604065,0.4591686725616455,0.13258185982704163,0.5016378164291382,0.33937329053878784,0.14608225226402283,0.5064412355422974,0.4863104522228241,-0.04038926586508751,0.5137454867362976,0.46609067916870117,0.040343157947063446,0.46157270669937134,0.49704548716545105,-0.030449235811829567,0.462052583694458,0.46456289291381836,0.025833511725068092,0.46029824018478394,0.5531654953956604,0.011707829311490059,0.45939961075782776,0.5472626090049744,0.007649049162864685,0.46527332067489624,0.5643981099128723,0.01947169378399849,0.46315866708755493,0.5627531409263611,0.004466862417757511,0.4458642601966858,0.5673052668571472,0.00250488193705678,0.4455697536468506,0.5600427985191345,-0.014743161387741566
0290,./images/2/frame_00290.jpg,Warning,0.45459309220314026,0.41039153933525085,0.08394202589988708,0.4513501524925232,0.40966272354125977,0.07124541699886322,0.45095306634902954,0.411681205034256,0.07126881182193756,0.45062774419784546,0.4135240912437439,0.07124200463294983,0.4530404210090637,0.40391871333122253,0.07601436972618103,0.4538033604621887,0.40215247869491577,0.07598258554935455,0.45454591512680054,0.40048325061798096,0.07593447715044022,0.4528125822544098,0.4156934916973114,0.027260342612862587,0.45776277780532837,0.3986395001411438,0.04967322200536728,0.45660942792892456,0.41609251499176025,0.06951888650655746,0.458604633808136,0.410317599773407,0.07556909322738647,0.46567854285240173,0.44803154468536377,0.0008634625701233745,0.4801032543182373,0.3957606852054596,0.04991380125284195,0.46919554471969604,0.47070392966270447,0.06963281333446503,0.49473676085472107,0.37479543685913086,0.0888834297657013,0.4675069749355316,0.46250662207603455,0.17374999821186066,0.5047416687011719,0.3414693772792816,0.13360795378684998,0.4690089821815491,0.46546271443367004,0.1864740252494812,0.5067508816719055,0.33584854006767273,0.14343814551830292,0.4689050614833832,0.45976731181144714,0.1841125637292862,0.5056639909744263,0.3363448679447174,0.14029820263385773,0.468635618686676,0.4576604664325714,0.17610618472099304,0.5052075386047363,0.3393852710723877,0.13444533944129944,0.506714940071106,0.4947282671928406,-0.0367630198597908,0.5141401290893555,0.46846437454223633,0.03671383857727051,0.4649592936038971,0.5042386651039124,-0.025605952367186546,0.46609997749328613,0.47062158584594727,0.024231836199760437,0.4618283212184906,0.5529863238334656,-0.0007437299354933202,0.4601491093635559,0.5490302443504333,0.001347083831205964,0.4660941958427429,0.5617870092391968,0.0017230355879291892,0.46346473693847656,0.5645832419395447,-0.002286531962454319,0.44857293367385864,0.566628098487854,-0.011230251751840115,0.44707536697387695,0.5600379705429077,-0.02044622413814068
0291,./images/2/frame_00291.jpg,Warning,0.4580051004886627,0.410936564207077,0.06278757750988007,0.4550512433052063,0.41022545099258423,0.04979833588004112,0.454644113779068,0.4121871590614319,0.04987155273556709,0.4542924463748932,0.4140949249267578,0.04983321204781532,0.4566677510738373,0.4048219323158264,0.04873517528176308,0.45735663175582886,0.4031657874584198,0.048696476966142654,0.4580666124820709,0.40152207016944885,0.048667535185813904,0.4562297761440277,0.41638001799583435,0.008413419127464294,0.4611448645591736,0.39952680468559265,0.019213300198316574,0.46009573340415955,0.4163495898246765,0.05025497078895569,0.4620566964149475,0.41071704030036926,0.04905010014772415,0.46880239248275757,0.44962966442108154,-0.010415694676339626,0.4829966425895691,0.397885799407959,0.021328644827008247,0.4747539162635803,0.46372807025909424,0.06584009528160095,0.498577356338501,0.3775269091129303,0.055981140583753586,0.4723978042602539,0.45158278942108154,0.16953077912330627,0.5082817673683167,0.34246256947517395,0.09035473316907883,0.4721563458442688,0.45316603779792786,0.18289268016815186,0.510521411895752,0.33687642216682434,0.09715352952480316,0.473101943731308,0.4474317729473114,0.18082281947135925,0.509259819984436,0.3370673656463623,0.09298448264598846,0.4734587073326111,0.4458449184894562,0.17190703749656677,0.5087060332298279,0.34019774198532104,0.09056924283504486,0.5083602666854858,0.4959260821342468,-0.03183054178953171,0.5145108699798584,0.4740649461746216,0.03180999308824539,0.46829313039779663,0.5091675519943237,-0.0231843963265419,0.4670732021331787,0.47893601655960083,0.019117232412099838,0.46134471893310547,0.5532897710800171,0.001136458246037364,0.4595630168914795,0.5523657202720642,0.012508504092693329,0.46478813886642456,0.5611289143562317,0.0037582390941679478,0.4633175730705261,0.5671278834342957,0.010758679360151291,0.44864553213119507,0.564388632774353,-0.0111733078956604,0.4453963339328766,0.5595954060554504,-0.006812827195972204
0292,./images/2/frame_00292.jpg,Warning,0.4622049331665039,0.41237589716911316,0.08870508521795273,0.45946940779685974,0.4114556908607483,0.07498630881309509,0.4590047299861908,0.4134921729564667,0.07502134144306183,0.45857781171798706,0.4155225455760956,0.07500036805868149,0.46128717064857483,0.4060574471950531,0.07886957377195358,0.46207237243652344,0.4044566750526428,0.07884958386421204,0.4627876877784729,0.40307173132896423,0.07880042493343353,0.46050792932510376,0.4179668724536896,0.028672462329268456,0.46563920378685,0.40215927362442017,0.04650258272886276,0.46410083770751953,0.417868971824646,0.07386072725057602,0.4661560654640198,0.41209009289741516,0.07867534458637238,0.47073084115982056,0.4525805711746216,0.005252002738416195,0.4869791865348816,0.40091586112976074,0.03658377379179001,0.4740017354488373,0.4691098928451538,0.06897400319576263,0.5034732222557068,0.3800072968006134,0.07227353006601334,0.470524400472641,0.45202165842056274,0.16452643275260925,0.5138205885887146,0.34295594692230225,0.10640473663806915,0.4709712862968445,0.4528478980064392,0.17719249427318573,0.5164881944656372,0.33608874678611755,0.11218693107366562,0.4715946316719055,0.44719111919403076,0.1752472221851349,0.5147637128829956,0.335771769285202,0.11067037284374237,0.47144967317581177,0.44623827934265137,0.16709326207637787,0.5138393640518188,0.3398023545742035,0.1074891909956932,0.5087985992431641,0.5033261179924011,-0.03175020217895508,0.5171710252761841,0.48495280742645264,0.03170619159936905,0.4668683409690857,0.5151993036270142,-0.02035924419760704,0.4705084264278412,0.49188554286956787,0.021722763776779175,0.4603744149208069,0.5584055185317993,-0.007171164266765118,0.4615541100502014,0.5532121062278748,0.01008408423513174,0.46217066049575806,0.5650551319122314,-0.005905305966734886,0.46395668387413025,0.566285252571106,0.007925608195364475,0.4472264349460602,0.5615769624710083,-0.01648890972137451,0.4454025626182556,0.5588132739067078,-0.005284404382109642
0293,./images/2/frame_00293.jpg,Warning,0.46790772676467896,0.41219833493232727,0.07825982570648193,0.46516019105911255,0.411172091960907,0.06461374461650848,0.4645371437072754,0.4133909046649933,0.06464158743619919,0.463756263256073,0.41590678691864014,0.06462593376636505,0.4671132564544678,0.40591880679130554,0.06902480125427246,0.46775737404823303,0.4047680199146271,0.06900161504745483,0.46839505434036255,0.4037606120109558,0.0689581111073494,0.4652755856513977,0.4188687205314636,0.020048122853040695,0.4707406461238861,0.4045489430427551,0.042625539004802704,0.468952476978302,0.41935861110687256,0.06405665725469589,0.4711025357246399,0.413533091545105,0.06963424384593964,0.4730932116508484,0.45391184091567993,-0.00421780813485384,0.49159860610961914,0.4053308665752411,0.03612980246543884,0.4708050787448883,0.47613829374313354,0.05757804960012436,0.5088364481925964,0.38134124875068665,0.06629396975040436,0.4626382291316986,0.4634905457496643,0.15478865802288055,0.5187431573867798,0.343219131231308,0.09916883707046509,0.4611286520957947,0.46613332629203796,0.16634127497673035,0.5215135216712952,0.3375234603881836,0.10472413152456284,0.46275845170021057,0.4609813690185547,0.16395527124404907,0.520043671131134,0.3378426432609558,0.10258426517248154,0.46356409788131714,0.45928120613098145,0.15711139142513275,0.5190867185592651,0.34129756689071655,0.10006849467754364,0.5112165212631226,0.5082029700279236,-0.032290019094944,0.5188578367233276,0.49129778146743774,0.032244984060525894,0.4675535559654236,0.5113025903701782,-0.018961099907755852,0.47016459703445435,0.48661038279533386,0.021646864712238312,0.4598018229007721,0.5571068525314331,-0.003560339566320181,0.4615088999271393,0.5513909459114075,0.007927394472062588,0.4607555866241455,0.5639914870262146,-0.002771728904917836,0.4637271463871002,0.565227746963501,0.005533271003514528,0.4459574818611145,0.5566169619560242,-0.011163575574755669,0.4470745027065277,0.5565637350082397,-0.007586490362882614
0294,./images/2/frame_00294.jpg,Warning,0.47325459122657776,0.4138951897621155,0.04565328359603882,0.4707450866699219,0.41308555006980896,0.03136083483695984,0.47005683183670044,0.4153854250907898,0.03138793632388115,0.469331830739975,0.41777899861335754,0.03137070685625076,0.4728214144706726,0.4078151285648346,0.035670019686222076,0.47350597381591797,0.40670937299728394,0.03563092276453972,0.4741848111152649,0.4057078957557678,0.035594820976257324,0.47034716606140137,0.42083990573883057,-0.011509758420288563,0.4768284857273102,0.40614190697669983,0.009276882745325565,0.4744844436645508,0.42062249779701233,0.032677147537469864,0.4768133759498596,0.41487541794776917,0.0381399430334568,0.4764048457145691,0.4555679261684418,-0.028830617666244507,0.497816264629364,0.4072738587856293,0.01889132708311081,0.4704417288303375,0.4810776114463806,0.04078168421983719,0.5149790048599243,0.3839867115020752,0.06386078149080276,0.4629575312137604,0.475115031003952,0.1385171115398407,0.521509051322937,0.34989383816719055,0.10345177352428436,0.46168556809425354,0.4802386462688446,0.1474866420030594,0.52518230676651,0.3433365523815155,0.10962782800197601,0.46319618821144104,0.47509515285491943,0.14917078614234924,0.5238519310951233,0.34354713559150696,0.10548216104507446,0.4639475345611572,0.4722956717014313,0.1412857472896576,0.5224493741989136,0.346649706363678,0.10360121726989746,0.5127590894699097,0.517365574836731,-0.03420402109622955,0.5209239721298218,0.498971164226532,0.034150656312704086,0.4680423140525818,0.5066826343536377,-0.022536497563123703,0.4707646369934082,0.48210063576698303,0.026466306298971176,0.45363879203796387,0.5542112588882446,0.0077278828248381615,0.4581006169319153,0.5505567193031311,0.01524756383150816,0.4541507363319397,0.562264084815979,0.011403027921915054,0.4585689902305603,0.5643935203552246,0.013762019574642181,0.43994006514549255,0.5516642928123474,-0.0007940338691696525,0.4465938210487366,0.5551103949546814,-0.0006941843894310296
0295,./images/2/frame_00295.jpg,Warning,0.47675618529319763,0.4150625467300415,0.0027346182614564896,0.4746015667915344,0.41408470273017883,-0.011961296200752258,0.47380080819129944,0.4163419008255005,-0.01194662507623434,0.47298765182495117,0.41856837272644043,-0.011962629854679108,0.47715944051742554,0.4089094400405884,-0.006994368974119425,0.4779888689517975,0.407924622297287,-0.00703859981149435,0.4789864122867584,0.4067797362804413,-0.007080136798322201,0.4744109511375427,0.4227063059806824,-0.05484585836529732,0.4819260537624359,0.4080541729927063,-0.03134765848517418,0.47766655683517456,0.4222034811973572,-0.01019214652478695,0.48073554039001465,0.4167041778564453,-0.003711499972268939,0.4777200222015381,0.45893949270248413,-0.071654312312603,0.5026339888572693,0.411480575799942,-0.013475176878273487,0.46925926208496094,0.49720636010169983,-0.02198091521859169,0.52168208360672,0.3864923119544983,0.03112977370619774,0.45743489265441895,0.5056214928627014,0.05298767238855362,0.527715802192688,0.3549269437789917,0.06216035038232803,0.4550292491912842,0.5143147110939026,0.05655534192919731,0.5309963226318359,0.3474877178668976,0.06699834764003754,0.45552554726600647,0.509623646736145,0.05448170751333237,0.5294357538223267,0.3474093973636627,0.06033586710691452,0.4567268490791321,0.5056635737419128,0.054741181433200836,0.5281959176063538,0.350887268781662,0.060896746814250946,0.5130354166030884,0.5212313532829285,-0.03500502184033394,0.5221937894821167,0.5055966973304749,0.0349469855427742,0.4688543379306793,0.4881651699542999,-0.02659459039568901,0.47476521134376526,0.4810808300971985,0.026836317032575607,0.4534060060977936,0.5444995164871216,0.017443066462874413,0.4581232964992523,0.545689046382904,0.020599061623215675,0.4541749060153961,0.5564586520195007,0.022459065541625023,0.45842665433883667,0.5605353116989136,0.020976055413484573,0.43986278772354126,0.5402833819389343,0.006065480876713991,0.4480198323726654,0.5456801652908325,0.005595186725258827
0296,./images/2/frame_00296.jpg,Warning,0.4815974235534668,0.4126831591129303,0.02431156486272812,0.47972559928894043,0.4116171598434448,0.010654748417437077,0.47887668013572693,0.4136810600757599,0.01067446731030941,0.4780333936214447,0.4157649278640747,0.01066182553768158,0.4824082851409912,0.4071183502674103,0.014669549651443958,0.4832642674446106,0.4063716530799866,0.014626924879848957,0.48412662744522095,0.40561556816101074,0.014584803953766823,0.4786459803581238,0.4203096032142639,-0.03136651590466499,0.4867486357688904,0.40758436918258667,-0.012317124754190445,0.4818236231803894,0.4199220538139343,0.011403248645365238,0.48480114340782166,0.415568083524704,0.016647841781377792,0.4784890115261078,0.45944705605506897,-0.050529491156339645,0.5075361728668213,0.4147914946079254,-0.0017434533219784498,0.4701954424381256,0.4991576373577118,0.001544423634186387,0.527777373790741,0.39032119512557983,0.03855187073349953,0.4573209881782532,0.503726601600647,0.0814855769276619,0.5364418029785156,0.3562834560871124,0.0686383992433548,0.4536471962928772,0.5117560625076294,0.08735688030719757,0.5386833548545837,0.3505527675151825,0.07356821745634079,0.4544296860694885,0.5063449144363403,0.08681078255176544,0.5374076962471008,0.3506246507167816,0.06863801926374435,0.4560531973838806,0.5024424195289612,0.08394642919301987,0.5362870097160339,0.35380682349205017,0.06811404973268509,0.5119479298591614,0.5248353481292725,-0.03441581875085831,0.5245393514633179,0.5098041892051697,0.03433087095618248,0.47033920884132385,0.4879263639450073,-0.026776134967803955,0.4756016731262207,0.47980600595474243,0.02567284181714058,0.4497845768928528,0.5457693338394165,0.014477978460490704,0.4570285379886627,0.5456693768501282,0.030594298616051674,0.44921809434890747,0.5569358468055725,0.018722543492913246,0.4565497040748596,0.5605272650718689,0.030947977676987648,0.43858686089515686,0.5454550981521606,0.0014159503625705838,0.4463554918766022,0.5418760776519775,0.009855634532868862
0297,./images/2/frame_00297.jpg,Warning,0.4832967221736908,0.4124262034893036,0.07385634630918503,0.48188918828964233,0.4110654592514038,0.05931837111711502,0.4811016023159027,0.41298937797546387,0.05932902544736862,0.48028963804244995,0.41526415944099426,0.059332508593797684,0.48426884412765503,0.40695151686668396,0.06277656555175781,0.4850332736968994,0.4062449038028717,0.06274071335792542,0.4859420359134674,0.4054267406463623,0.06269115954637527,0.48110756278038025,0.4198741018772125,0.009860089980065823,0.4889371395111084,0.40708649158477783,0.025860000401735306,0.48356252908706665,0.42013195157051086,0.05792723968625069,0.4867481589317322,0.41578003764152527,0.06253049522638321,0.4822372496128082,0.45803552865982056,-0.027619343250989914,0.5102890133857727,0.41356366872787476,0.021197671070694923,0.4713474214076996,0.4989785850048065,0.005160082597285509,0.5328549146652222,0.39458659291267395,0.0592586025595665,0.45749083161354065,0.5132853388786316,0.07170507311820984,0.5333216190338135,0.374736487865448,0.109444260597229,0.45344653725624084,0.5246636867523193,0.0743613988161087,0.5360535979270935,0.37235501408576965,0.11557425558567047,0.4496697783470154,0.5226775407791138,0.07469643652439117,0.534389853477478,0.3717620074748993,0.11513689905405045,0.45527973771095276,0.5144433975219727,0.07380932569503784,0.5328366160392761,0.373812735080719,0.11058478057384491,0.5130650997161865,0.5221242904663086,-0.03462773188948631,0.5243228673934937,0.5089329481124878,0.0345245823264122,0.469433069229126,0.4791063070297241,-0.028001323342323303,0.4748810827732086,0.4739167392253876,0.02690701186656952,0.44871482253074646,0.5464808344841003,0.00029382138745859265,0.4548804759979248,0.5463374257087708,0.026247132569551468,0.44863948225975037,0.5594865679740906,0.0029496573843061924,0.4544762969017029,0.5620684623718262,0.025248020887374878,0.43767839670181274,0.5479720234870911,-0.011722957715392113,0.44287481904029846,0.5420210957527161,0.006123069208115339
0298,./images/2/frame_00298.jpg,Warning,0.4851993918418884,0.41515618562698364,0.06947753578424454,0.4835415780544281,0.41095051169395447,0.053862787783145905,0.4830129146575928,0.4129483997821808,0.05385173484683037,0.4823334813117981,0.4149528443813324,0.05390801280736923,0.4858516752719879,0.4069385230541229,0.05553877353668213,0.4866963326931,0.40616586804389954,0.05543227866292,0.4874095022678375,0.40539196133613586,0.0553317591547966,0.48405808210372925,0.41925376653671265,-0.0048330603167414665,0.4912211298942566,0.4063800275325775,0.014415529556572437,0.4857737123966217,0.4207926094532013,0.05015275999903679,0.4880901873111725,0.418707013130188,0.05365684628486633,0.4875277876853943,0.45685267448425293,-0.037198685109615326,0.5138686895370483,0.4115809202194214,0.013950347900390625,0.476848840713501,0.4943721890449524,0.00032457709312438965,0.5399118065834045,0.39502647519111633,0.05900736525654793,0.4611757695674896,0.5077334642410278,0.07645159959793091,0.5392178297042847,0.37603750824928284,0.10762809216976166,0.45455724000930786,0.5191884636878967,0.08032496273517609,0.5422430038452148,0.37499386072158813,0.11401315033435822,0.45124882459640503,0.5147860646247864,0.07948552817106247,0.5409982800483704,0.37439554929733276,0.1107555478811264,0.45682597160339355,0.5092739462852478,0.07835771143436432,0.5393304228782654,0.37593889236450195,0.10781780630350113,0.5140289068222046,0.5224848389625549,-0.03358481079339981,0.5239176750183105,0.5083016157150269,0.03347036987543106,0.4705673158168793,0.4732684791088104,-0.028786132112145424,0.4742920398712158,0.4689348042011261,0.025005802512168884,0.4494871497154236,0.545962929725647,-0.0010803157929331064,0.45459070801734924,0.5454157590866089,0.02427677996456623,0.44979342818260193,0.5596393346786499,0.0018359879031777382,0.4545957148075104,0.5614036321640015,0.02331102080643177,0.4374219477176666,0.5492116808891296,-0.01136085856705904,0.44263696670532227,0.5426483750343323,0.006158948875963688
0299,./images/2/frame_00299.jpg,Fall,0.4844258725643158,0.4142172634601593,0.008644647896289825,0.4839414060115814,0.4100298285484314,-0.0061713820323348045,0.4833584725856781,0.41154590249061584,-0.006145698018372059,0.48296934366226196,0.4129329323768616,-0.006154275499284267,0.4859377443790436,0.40630972385406494,-0.0016944026574492455,0.48735958337783813,0.4054950177669525,-0.001737800077535212,0.4882047772407532,0.4046514332294464,-0.0017589112976565957,0.4862755239009857,0.41868674755096436,-0.043609004467725754,0.49324074387550354,0.40494486689567566,-0.022247275337576866,0.48554912209510803,0.41967904567718506,-0.0015598819591104984,0.4904367923736572,0.41707900166511536,0.0043511902913451195,0.48629412055015564,0.45459866523742676,-0.058297742158174515,0.5170543193817139,0.41124656796455383,-0.004773418419063091,0.4762602746486664,0.49111878871917725,-0.008528267964720726,0.541721522808075,0.3955165147781372,0.06001252681016922,0.4643833637237549,0.4617191255092621,0.07047716528177261,0.530739426612854,0.3929263651371002,0.10851739346981049,0.4610002636909485,0.46271294355392456,0.07339673489332199,0.5393036603927612,0.3833261728286743,0.11451973021030426,0.46290868520736694,0.45874714851379395,0.06804843246936798,0.5373362302780151,0.3858863115310669,0.10780341923236847,0.4651959538459778,0.45776456594467163,0.07042566686868668,0.5346320271492004,0.3870781362056732,0.1083022952079773,0.5136820077896118,0.5226253867149353,-0.03316109627485275,0.5259057283401489,0.5091434717178345,0.033075638115406036,0.4695894122123718,0.4683757722377777,-0.03182320296764374,0.4770417809486389,0.4643542468547821,0.012116202153265476,0.4496030807495117,0.5368764400482178,-0.006797242909669876,0.45372581481933594,0.5343157052993774,0.012409353628754616,0.45046043395996094,0.5561026930809021,-0.003140505403280258,0.45282378792762756,0.5493424534797668,0.012021067552268505,0.4376693665981293,0.5431042909622192,-0.007780162151902914,0.441732794046402,0.5304416418075562,0.00011451693717390299
0300,./images/2/frame_00300.jpg,Fall,0.49300631880760193,0.41181516647338867,-0.027436736971139908,0.48777851462364197,0.4083811938762665,-0.043266233056783676,0.48714661598205566,0.4095231890678406,-0.04324951395392418,0.48662471771240234,0.41063717007637024,-0.04324372857809067,0.49423789978027344,0.4037454426288605,-0.0403798408806324,0.4929421842098236,0.40410587191581726,-0.04043566435575485,0.49399787187576294,0.4037170708179474,-0.0404786616563797,0.4892454147338867,0.41731470823287964,-0.08200617134571075,0.4985291361808777,0.4041626453399658,-0.06889422237873077,0.4889829158782959,0.41910332441329956,-0.03725225105881691,0.49634504318237305,0.4166468381881714,-0.03349288925528526,0.486539751291275,0.45857951045036316,-0.08433027565479279,0.5242570042610168,0.4129731059074402,-0.056002743542194366,0.47670888900756836,0.49604499340057373,-0.03674125671386719,0.5536686182022095,0.39784133434295654,0.004397175274789333,0.46758776903152466,0.4970036447048187,0.025261010974645615,0.5284898281097412,0.39414575695991516,0.05786985158920288,0.4646558165550232,0.5041356086730957,0.0234784334897995,0.536298930644989,0.3923323452472687,0.05892496556043625,0.4662877023220062,0.4992966651916504,0.0182567797601223,0.5350645780563354,0.3948492705821991,0.04990755021572113,0.4681371748447418,0.49561408162117004,0.02478216029703617,0.5286675095558167,0.39577898383140564,0.05586721748113632,0.5129612684249878,0.5244067907333374,-0.02047942392528057,0.5306182503700256,0.5100432634353638,0.020425397902727127,0.46641525626182556,0.47312894463539124,0.0031675132922828197,0.5104469656944275,0.443291038274765,0.057594019919633865,0.4499671459197998,0.5326932072639465,0.048886992037296295,0.5154520273208618,0.506177544593811,0.14214901626110077,0.4508482813835144,0.5474660396575928,0.05486487224698067,0.5177406668663025,0.5195133090019226,0.15147967636585236,0.4376717507839203,0.5325308442115784,0.06287623941898346,0.5137314796447754,0.508815348148346,0.1677962988615036
0301,./images/2/frame_00301.jpg,Fall,0.4945595860481262,0.41153255105018616,-0.030736535787582397,0.48944440484046936,0.40577006340026855,-0.04672809690237045,0.4891751706600189,0.40652579069137573,-0.04670720547437668,0.4889504313468933,0.4073788523674011,-0.04674217477440834,0.4966432452201843,0.40274521708488464,-0.03917901962995529,0.49744391441345215,0.4025365114212036,-0.03922839090228081,0.4985135495662689,0.4018082916736603,-0.039267975836992264,0.4930446743965149,0.4135821759700775,-0.09208448231220245,0.5043220520019531,0.4026778042316437,-0.05833990499377251,0.49097761511802673,0.41898465156555176,-0.043842799961566925,0.49741458892822266,0.4156250059604645,-0.0341559462249279,0.49328404664993286,0.4567071199417114,-0.10420294851064682,0.5261978507041931,0.4113067090511322,-0.048965953290462494,0.49840229749679565,0.4973965883255005,-0.076119564473629,0.5488713979721069,0.4042987525463104,-0.023285308852791786,0.5082489848136902,0.5179831385612488,-0.022722147405147552,0.5563764572143555,0.39845263957977295,-0.007927623577415943,0.510505735874176,0.5262237191200256,-0.02914237603545189,0.5625417828559875,0.39855316281318665,-0.009963507764041424,0.5113029479980469,0.5241687297821045,-0.034246303141117096,0.5606509447097778,0.40074241161346436,-0.01605890318751335,0.5109156370162964,0.5210789442062378,-0.024074897170066833,0.5591751337051392,0.40134912729263306,-0.01032334379851818,0.5125453472137451,0.5248035788536072,-0.0223064087331295,0.5308412313461304,0.5077497363090515,0.022063713520765305,0.47242826223373413,0.47309955954551697,-0.0013772026868537068,0.5059369802474976,0.4470827281475067,0.09531544148921967,0.45024052262306213,0.5301298499107361,0.05784417316317558,0.5012649297714233,0.5042514204978943,0.17901819944381714,0.4510936141014099,0.5454084873199463,0.06453035771846771,0.5020151734352112,0.517288088798523,0.1878392994403839,0.43867191672325134,0.5207815170288086,0.06044948101043701,0.49459394812583923,0.5020840764045715,0.19234326481819153
0302,./images/2/frame_00302.jpg,Fall,0.5043514966964722,0.40956416726112366,-0.047489311546087265,0.5033491849899292,0.4029463529586792,-0.06262028217315674,0.502605140209198,0.40384024381637573,-0.06259970366954803,0.4973577857017517,0.40287068486213684,-0.06262301653623581,0.5066889524459839,0.39993757009506226,-0.058916620910167694,0.5078357458114624,0.3992033302783966,-0.05895821377635002,0.509040892124176,0.39823490381240845,-0.059000641107559204,0.4989283084869385,0.4090980589389801,-0.10252434015274048,0.5131646990776062,0.4000580310821533,-0.0870414450764656,0.5036174654960632,0.417921781539917,-0.057754646986722946,0.5068222284317017,0.41467443108558655,-0.05329098552465439,0.4941979944705963,0.45473793148994446,-0.10220198333263397,0.5315375328063965,0.41076821088790894,-0.07316421717405319,0.5103815793991089,0.4956900179386139,-0.07800988852977753,0.5551531314849854,0.41212034225463867,-0.0515490286052227,0.5202792882919312,0.5314540266990662,-0.050976336002349854,0.5574111342430115,0.4024748206138611,-0.026136690750718117,0.5225154757499695,0.540871798992157,-0.058794569224119186,0.5599448680877686,0.4002281725406647,-0.02799384854733944,0.5225208401679993,0.5389736890792847,-0.06305915862321854,0.5560925006866455,0.40103572607040405,-0.032119493931531906,0.5225619077682495,0.5353373885154724,-0.05255391076207161,0.5532808303833008,0.4034477770328522,-0.027437781915068626,0.5111696720123291,0.5242140889167786,-0.020757518708705902,0.5327964425086975,0.5086555480957031,0.020675618201494217,0.47217291593551636,0.47514140605926514,0.02319296821951866,0.5233784914016724,0.45124688744544983,0.1002449169754982,0.4505724310874939,0.5277713537216187,0.0954686850309372,0.5263169407844543,0.49798765778541565,0.21297740936279297,0.4507299065589905,0.5417019128799438,0.10331346839666367,0.5280460119247437,0.507947564125061,0.22477062046527863,0.4390897750854492,0.5166450142860413,0.09753666073083878,0.5214137434959412,0.49729448556900024,0.2327716052532196
0303,./images/2/frame_00303.jpg,Fall,0.5123436450958252,0.3990650177001953,-0.02640906348824501,0.5100491642951965,0.3941020965576172,-0.041917748749256134,0.5053380131721497,0.3954554796218872,-0.04188690334558487,0.503320574760437,0.3964358866214752,-0.041884638369083405,0.5143649578094482,0.392109215259552,-0.04050420597195625,0.5126978754997253,0.3904181718826294,-0.04053863510489464,0.5175761580467224,0.3910098969936371,-0.040576089173555374,0.5040145516395569,0.4015696346759796,-0.08242706954479218,0.5174100995063782,0.39431098103523254,-0.07637821137905121,0.5109034776687622,0.4074280560016632,-0.03665807843208313,0.5154754519462585,0.4052896201610565,-0.034787364304065704,0.497138112783432,0.4397667646408081,-0.08231009542942047,0.5389260053634644,0.41113945841789246,-0.0657438188791275,0.5121098160743713,0.4780939817428589,-0.043242618441581726,0.5665671825408936,0.4204614758491516,-0.016139235347509384,0.5253656506538391,0.49741634726524353,0.015616407617926598,0.5535685420036316,0.4144420325756073,0.03769208490848541,0.5277438759803772,0.5007545948028564,0.014759582467377186,0.5528801679611206,0.41097357869148254,0.04026046767830849,0.5285545587539673,0.5000341534614563,0.010982428677380085,0.5487162470817566,0.40983739495277405,0.03534089773893356,0.5289533138275146,0.4995626211166382,0.01547606848180294,0.5475980639457703,0.4124562442302704,0.0369025282561779,0.510694146156311,0.5220308899879456,-0.01573745161294937,0.5363492965698242,0.5089924931526184,0.015632806345820427,0.47129788994789124,0.47575896978378296,0.03415747359395027,0.534554660320282,0.4528425931930542,0.11716774851083755,0.4504900574684143,0.5233335494995117,0.10008468478918076,0.5345860719680786,0.5102849006652832,0.22814765572547913,0.4503151774406433,0.5347427129745483,0.10828246921300888,0.5360380411148071,0.5224851965904236,0.23940154910087585,0.4423453211784363,0.516169548034668,0.11184452474117279,0.5312590599060059,0.5094820857048035,0.25178587436676025
0304,./images/2/frame_00304.jpg,Fall,0.5129699110984802,0.4020257294178009,0.04730451852083206,0.5128527879714966,0.3964044749736786,0.04418938606977463,0.5125041007995605,0.3979058563709259,0.04420990124344826,0.5123792886734009,0.3987882733345032,0.04418302699923515,0.5135631561279297,0.3923196494579315,0.04662514477968216,0.5135887861251831,0.39118003845214844,0.04662398248910904,0.5142146348953247,0.3915836811065674,0.046589117497205734,0.5131493210792542,0.4016832709312439,0.034006811678409576,0.5153528451919556,0.3950992524623871,0.04517779499292374,0.5133984684944153,0.40815556049346924,0.0441802442073822,0.5136814117431641,0.40790417790412903,0.04726821184158325,0.5216005444526672,0.43229833245277405,0.0008303079521283507,0.5300487279891968,0.42038196325302124,0.05809416621923447,0.5559744834899902,0.47376394271850586,-0.006191442720592022,0.5297448039054871,0.43964695930480957,0.052130360156297684,0.5643864274024963,0.5350496172904968,0.0019514868035912514,0.5186809301376343,0.42775341868400574,0.046119578182697296,0.5696645975112915,0.5427328944206238,-9.673308522906154e-05,0.5172686576843262,0.4227733612060547,0.04851888492703438,0.5675628185272217,0.5404018759727478,-0.00504597183316946,0.5133127570152283,0.4242000877857208,0.04656551405787468,0.5666130781173706,0.5361911058425903,0.0007159896194934845,0.5143468976020813,0.42705532908439636,0.04558921605348587,0.520127534866333,0.5215535759925842,-0.027387846261262894,0.5290497541427612,0.5119199752807617,0.027040014043450356,0.4811839163303375,0.45027634501457214,-0.025490200147032738,0.4887557625770569,0.44765010476112366,0.03296241909265518,0.463553249835968,0.5231658220291138,-0.022146305069327354,0.46972185373306274,0.5132509469985962,0.0165104977786541,0.46590766310691833,0.5390952825546265,-0.02234279364347458,0.4724811017513275,0.5259870290756226,0.013303039595484734,0.4435049891471863,0.5214492678642273,-0.03476577252149582,0.4497997760772705,0.5155734419822693,0.0002955508534796536
0305,./images/2/frame_00305.jpg,Fall,0.5168476104736328,0.4040335416793823,0.030223775655031204,0.5182686448097229,0.39769694209098816,0.014820234850049019,0.519051194190979,0.3986913859844208,0.014834928326308727,0.5198558568954468,0.3990466594696045,0.014802942052483559,0.5165058970451355,0.3928685188293457,0.018933186307549477,0.5160014629364014,0.39231598377227783,0.018918568268418312,0.5155688524246216,0.3926642835140228,0.018878836184740067,0.5223804712295532,0.3982599377632141,0.0204974003136158,0.5163210034370422,0.3950290381908417,0.040473975241184235,0.5193469524383545,0.4093361794948578,0.018128838390111923,0.5164706707000732,0.4092332124710083,0.023455476388335228,0.5363743901252747,0.4243026375770569,-0.0027870957273989916,0.5213496685028076,0.4203811287879944,0.06644275784492493,0.5634824633598328,0.47358182072639465,-0.011895956471562386,0.5143083333969116,0.4582882821559906,0.054266732186079025,0.5707552433013916,0.5397917032241821,-0.01005065068602562,0.5055037140846252,0.4691329896450043,0.010514333844184875,0.5770391225814819,0.5503466129302979,-0.014567350037395954,0.5029319524765015,0.47205033898353577,0.008177347481250763,0.5690783262252808,0.5540867447853088,-0.02065117284655571,0.5012989044189453,0.470051646232605,0.0033028903417289257,0.5660237073898315,0.5490825176239014,-0.011665204539895058,0.5030028223991394,0.46985915303230286,0.007284259889274836,0.5254319906234741,0.5160104632377625,-0.03144332394003868,0.5230289697647095,0.5116420388221741,0.031111350283026695,0.48422449827194214,0.44743865728378296,-0.023320550099015236,0.4845639169216156,0.445014625787735,0.0282119307667017,0.46054989099502563,0.5242405533790588,-0.01368785835802555,0.46944132447242737,0.5089501142501831,0.013372550718486309,0.46155405044555664,0.5416581630706787,-0.013025644235312939,0.47265663743019104,0.5226894617080688,0.01046624593436718,0.4431167244911194,0.5228442549705505,-0.02831432595849037,0.4490320682525635,0.5082669258117676,-0.006950123701244593
0306,./images/2/frame_00306.jpg,Fall,0.5283282399177551,0.4052503705024719,0.06448381394147873,0.5290149450302124,0.39840805530548096,0.06398332118988037,0.5295856595039368,0.3992645740509033,0.06398831307888031,0.5301555395126343,0.3993930518627167,0.06395445764064789,0.527755856513977,0.3950614035129547,0.06647327542304993,0.5273586511611938,0.3951006531715393,0.06648613512516022,0.5269685983657837,0.39544564485549927,0.06644285470247269,0.5315430760383606,0.39850276708602905,0.06617264449596405,0.5274511575698853,0.3956705629825592,0.07850159704685211,0.5300011038780212,0.4095841348171234,0.06515071541070938,0.5279313921928406,0.41047435998916626,0.06857732683420181,0.5399795770645142,0.42412427067756653,0.03402666002511978,0.5301154255867004,0.4221753478050232,0.0836828202009201,0.561951756477356,0.472833514213562,0.01113880891352892,0.5400083065032959,0.45905351638793945,0.05801869556307793,0.5710887312889099,0.5236488580703735,0.00227005360648036,0.5523895621299744,0.46826663613319397,0.021303508430719376,0.5735208988189697,0.5332072973251343,-0.004055146127939224,0.5547934174537659,0.47105544805526733,0.01733635924756527,0.5711519122123718,0.5344971418380737,-0.006515080574899912,0.5537761449813843,0.46991729736328125,0.019273851066827774,0.5700377225875854,0.5305582880973816,0.0011805326212197542,0.5531691312789917,0.46894121170043945,0.020998580381274223,0.5270453095436096,0.5159741640090942,-0.03288119286298752,0.5236580967903137,0.5122641921043396,0.03254568204283714,0.48610225319862366,0.443985253572464,-0.04433222487568855,0.48584991693496704,0.4438323974609375,0.02392617240548134,0.4651615023612976,0.525718629360199,-0.06108576059341431,0.46562519669532776,0.5123751163482666,-0.007687984965741634,0.467393696308136,0.5428001880645752,-0.06290428340435028,0.4679225981235504,0.525941789150238,-0.012395007535815239,0.44418150186538696,0.5249345302581787,-0.07352472841739655,0.44684964418411255,0.5112500786781311,-0.02587537094950676
0307,./images/2/frame_00307.jpg,Fall,0.5273817777633667,0.40570738911628723,-0.0019257182721048594,0.5278695225715637,0.39866721630096436,-0.009256986901164055,0.527708888053894,0.39907291531562805,-0.009254992939531803,0.5275567770004272,0.39899253845214844,-0.009296082891523838,0.5287929773330688,0.3954245150089264,-0.006754138972610235,0.529198169708252,0.3951493203639984,-0.006734439637511969,0.5296339392662048,0.39555439352989197,-0.0067608593963086605,0.5286450982093811,0.3974546194076538,-0.032097846269607544,0.5315384864807129,0.3957592844963074,-0.020669152960181236,0.5276039242744446,0.4100182056427002,-0.008256178349256516,0.5282281041145325,0.41076087951660156,-0.004784735850989819,0.5294030904769897,0.4221164286136627,-0.05108596757054329,0.5424076914787292,0.4224165678024292,-0.010112235322594643,0.5516811609268188,0.4817960560321808,-0.0477801114320755,0.5624991655349731,0.4771515727043152,0.010311606340110302,0.566250741481781,0.5479699969291687,-0.04695969074964523,0.5734032988548279,0.5291131138801575,0.031402867287397385,0.5696283578872681,0.5580095648765564,-0.05471482127904892,0.5764827132225037,0.5421484708786011,0.03188423812389374,0.5694515705108643,0.56075119972229,-0.06373263150453568,0.5748447775840759,0.5403423309326172,0.02944139577448368,0.5678852200508118,0.5585759878158569,-0.05105159804224968,0.5736932158470154,0.5368330478668213,0.03054926171898842,0.5225648283958435,0.5151629447937012,-0.03254641219973564,0.52430260181427,0.5089220404624939,0.032276030629873276,0.48175686597824097,0.45473170280456543,-0.04007289186120033,0.48929017782211304,0.42442670464515686,0.04570791870355606,0.4631635546684265,0.5276336669921875,-0.0269205030053854,0.47254109382629395,0.4881003499031067,0.03177543729543686,0.46504655480384827,0.543240487575531,-0.024954428896307945,0.4760543704032898,0.4988684058189392,0.028525790199637413,0.4437475800514221,0.532451331615448,-0.02991638146340847,0.4557531476020813,0.4991878867149353,0.01898171566426754
0308,./images/2/frame_00308.jpg,Fall,0.5310889482498169,0.40206876397132874,-0.00470493920147419,0.5321859121322632,0.3941860496997833,-0.01719731278717518,0.531654953956604,0.3941026031970978,-0.017206517979502678,0.5306306481361389,0.3894270956516266,-0.017262127250432968,0.5345304608345032,0.39371487498283386,-0.011642447672784328,0.5355154871940613,0.3937791585922241,-0.011638963595032692,0.5365372896194458,0.3941522240638733,-0.011670604348182678,0.5324228405952454,0.39548563957214355,-0.060488324612379074,0.5402498841285706,0.3958919942378998,-0.03430847451090813,0.5304232835769653,0.4078143239021301,-0.017898742109537125,0.5324183702468872,0.40866389870643616,-0.010433407500386238,0.5258485674858093,0.4243912994861603,-0.08108794689178467,0.5556144714355469,0.42944368720054626,-0.02957630157470703,0.544204592704773,0.48477858304977417,-0.07586009800434113,0.5757420659065247,0.4776596426963806,-0.012159904465079308,0.558918833732605,0.5409356355667114,-0.06501208990812302,0.581991970539093,0.5381919145584106,0.017673585563898087,0.5625653266906738,0.5489916205406189,-0.07091227173805237,0.5853550434112549,0.5541680455207825,0.01990114152431488,0.5639359951019287,0.5508617162704468,-0.07868625968694687,0.5827149748802185,0.5552194714546204,0.018212275579571724,0.562698483467102,0.5496766567230225,-0.06869872659444809,0.5812486410140991,0.5485267043113708,0.0169655941426754,0.5159062147140503,0.5153905749320984,-0.03585634008049965,0.5261698961257935,0.5132085084915161,0.035711340606212616,0.480388879776001,0.47418421506881714,-0.03367707133293152,0.5015429258346558,0.4281312823295593,0.08826190233230591,0.4625162184238434,0.5335918068885803,-0.026299213990569115,0.48813772201538086,0.4822790026664734,0.11451456695795059,0.46355271339416504,0.550377368927002,-0.010537180118262768,0.49004215002059937,0.49192482233047485,0.11580721288919449,0.44228753447532654,0.535635769367218,-0.00214992999099195,0.47023481130599976,0.48852357268333435,0.11602245271205902
0309,./images/2/frame_00309.jpg,Fall,0.5385526418685913,0.40027716755867004,0.023109089583158493,0.5385606288909912,0.3878674805164337,0.012003218755126,0.537551760673523,0.3875392973423004,0.011988273821771145,0.5364866852760315,0.3863057792186737,0.011931552551686764,0.5421733260154724,0.3930162191390991,0.015466275624930859,0.5430325865745544,0.3933466672897339,0.015475274994969368,0.5439298152923584,0.3938303589820862,0.01543864794075489,0.536166250705719,0.39157354831695557,-0.03274106979370117,0.5456411242485046,0.39471814036369324,-0.01782558485865593,0.536527156829834,0.40641433000564575,0.009658722206950188,0.5384976863861084,0.4075908362865448,0.014365444891154766,0.5282200574874878,0.42399513721466064,-0.06327269971370697,0.5558134913444519,0.4355146586894989,-0.013001521117985249,0.5460668802261353,0.4891057014465332,-0.05055350065231323,0.5747080445289612,0.4883105754852295,0.005725385155528784,0.5626469850540161,0.5468172430992126,-0.03580630570650101,0.5808389782905579,0.5398916602134705,0.028435390442609787,0.5663416981697083,0.5549722909927368,-0.04060089960694313,0.5846394300460815,0.5542511940002441,0.030151430517435074,0.5685573816299438,0.5577040910720825,-0.0478862039744854,0.5826815962791443,0.5537180304527283,0.02247636765241623,0.5672719478607178,0.556936502456665,-0.03903960436582565,0.5809509754180908,0.5496190190315247,0.026866277679800987,0.5122609734535217,0.5150637030601501,-0.038040440529584885,0.5261792540550232,0.5154005289077759,0.03789691627025604,0.48002833127975464,0.47633031010627747,-0.025418629869818687,0.5009105801582336,0.43269047141075134,0.09376482665538788,0.4609968662261963,0.5359565019607544,-0.006151045672595501,0.4874921441078186,0.4927893280982971,0.10499125719070435,0.4614359736442566,0.5529547929763794,-0.0009161977213807404,0.4893283247947693,0.5041137933731079,0.10472226142883301,0.4358949065208435,0.539236843585968,-0.0037969383411109447,0.46687811613082886,0.4986301362514496,0.10332582890987396
0310,./images/2/frame_00310.jpg,Fall,0.5452893972396851,0.40222010016441345,0.03036252036690712,0.5466634035110474,0.39042675495147705,0.019467059522867203,0.5460399389266968,0.3885316252708435,0.019456813111901283,0.5454114079475403,0.387212336063385,0.019413402304053307,0.5488073229789734,0.3959868550300598,0.02237282320857048,0.5494933724403381,0.3968091309070587,0.0223714429885149,0.5502284169197083,0.397624135017395,0.022336822003126144,0.5441993474960327,0.3930566608905792,-0.01934616081416607,0.5512593388557434,0.40126681327819824,-0.007033229805529118,0.5429118871688843,0.40761154890060425,0.018588250502943993,0.5445261001586914,0.4099836051464081,0.02244560234248638,0.5312027335166931,0.42488017678260803,-0.058024100959300995,0.5587080717086792,0.4411154091358185,-0.003468591719865799,0.5438164472579956,0.4918610453605652,-0.04479449242353439,0.5744795799255371,0.4942646026611328,0.0076988800428807735,0.558951735496521,0.547174870967865,-0.027324508875608444,0.5800578594207764,0.5402131080627441,0.036084000021219254,0.5626201033592224,0.5557374358177185,-0.032037653028964996,0.5825532674789429,0.5532546043395996,0.03866305947303772,0.5643817186355591,0.5580461025238037,-0.037109799683094025,0.581885814666748,0.5524049401283264,0.037060994654893875,0.5629910230636597,0.5567588806152344,-0.029568761587142944,0.5804848670959473,0.5481626987457275,0.0358545184135437,0.5122120380401611,0.5148781538009644,-0.039352819323539734,0.5262195467948914,0.5199894905090332,0.039200857281684875,0.4800976812839508,0.47546133399009705,-0.015039782039821148,0.5012025237083435,0.4337686002254486,0.09368515759706497,0.46036189794540405,0.5382579565048218,-0.0007764935144223273,0.4865880608558655,0.49646276235580444,0.11408345401287079,0.460465669631958,0.5552470088005066,0.002803011331707239,0.4881872534751892,0.5076026916503906,0.11497672647237778,0.4375367760658264,0.5395891070365906,-0.0018405672162771225,0.4651064872741699,0.5020388960838318,0.11589040607213974
0311,./images/2/frame_00311.jpg,Fall,0.5519553422927856,0.4116736650466919,0.10419809818267822,0.5530386567115784,0.4029620289802551,0.09476902335882187,0.5521577596664429,0.40161412954330444,0.09478291869163513,0.5512813329696655,0.4006851613521576,0.09475947171449661,0.5557650327682495,0.4062170684337616,0.09556527435779572,0.5565407276153564,0.40604469180107117,0.095552459359169,0.55716872215271,0.40646886825561523,0.09550274908542633,0.5491615533828735,0.402681440114975,0.05654629319906235,0.5569177865982056,0.4091418385505676,0.06048191338777542,0.5486277341842651,0.4159236550331116,0.0917101502418518,0.5509254932403564,0.4179653525352478,0.09286542236804962,0.5331853032112122,0.4257603585720062,0.019336307421326637,0.5643725991249084,0.4495803415775299,0.04579973965883255,0.5405116677284241,0.4906386435031891,0.013585728593170643,0.5734254717826843,0.5049276947975159,0.06035057455301285,0.5531133413314819,0.5453141331672668,0.022682342678308487,0.5779136419296265,0.5495412945747375,0.095372274518013,0.5494235157966614,0.5545409917831421,0.01732412539422512,0.5809898376464844,0.5604615211486816,0.09704866260290146,0.5615012049674988,0.5568116307258606,0.01455786544829607,0.5805948376655579,0.5600823163986206,0.09938585758209229,0.5585440993309021,0.5561518669128418,0.020727094262838364,0.5794896483421326,0.5558163523674011,0.09678091108798981,0.5117854475975037,0.5148497223854065,-0.03827747702598572,0.5268513560295105,0.5258071422576904,0.03817913681268692,0.4820012152194977,0.47040459513664246,0.0020809972193092108,0.5060129165649414,0.4429374635219574,0.09386146068572998,0.45986729860305786,0.5378780364990234,-0.0014706933870911598,0.4853755831718445,0.49902403354644775,0.09992369264364243,0.45987772941589355,0.5555118322372437,-0.0006512508844025433,0.4859279990196228,0.5119234323501587,0.10064394772052765,0.4379638731479645,0.5401598811149597,-0.002518393099308014,0.46421489119529724,0.503532886505127,0.09790113568305969
0312,./images/2/frame_00312.jpg,Fall,0.5529997944831848,0.41562122106552124,0.08502233028411865,0.554852306842804,0.4075905978679657,0.0761445164680481,0.5544061660766602,0.4066312611103058,0.0761505514383316,0.5539604425430298,0.40588781237602234,0.07612383365631104,0.5567018985748291,0.40959998965263367,0.07835716009140015,0.5573984980583191,0.4097011685371399,0.07835061848163605,0.5581157803535461,0.4099993109703064,0.07829350978136063,0.5536616444587708,0.40613484382629395,0.041790831834077835,0.559780478477478,0.41180914640426636,0.052100084722042084,0.5519912838935852,0.41753822565078735,0.07372580468654633,0.552564799785614,0.4210682213306427,0.07673478871583939,0.5448139905929565,0.4273671507835388,0.008490793406963348,0.5632904767990112,0.44883257150650024,0.04192795604467392,0.5509828329086304,0.4972408413887024,0.007815337739884853,0.5744020938873291,0.5056228637695312,0.05302691459655762,0.5639511942863464,0.5494323968887329,0.018374355509877205,0.579965353012085,0.551909863948822,0.07587145268917084,0.5669011473655701,0.5582334399223328,0.01574418693780899,0.5821267366409302,0.563224196434021,0.07659199833869934,0.5698099732398987,0.5613259077072144,0.011103124357759953,0.5824030637741089,0.5639731287956238,0.07858948409557343,0.5680025815963745,0.5591610074043274,0.01610119640827179,0.5805345773696899,0.5598824620246887,0.07673738896846771,0.5143359899520874,0.5205617547035217,-0.0372106097638607,0.5266777276992798,0.5253041386604309,0.03710512816905975,0.4817412793636322,0.46847331523895264,-0.014766382053494453,0.5056225061416626,0.4437001645565033,0.0592319555580616,0.45727071166038513,0.5380787253379822,-0.03824286907911301,0.47701209783554077,0.4998999238014221,0.045709095895290375,0.45955872535705566,0.5548827648162842,-0.039377469569444656,0.4781184196472168,0.5126811265945435,0.04331958666443825,0.4358995854854584,0.5446087121963501,-0.04408641532063484,0.45468229055404663,0.5042768716812134,0.03902417793869972
0313,./images/2/frame_00313.jpg,Fall,0.5502073168754578,0.41917628049850464,-0.012382740154862404,0.5518472194671631,0.4116878807544708,-0.022022603079676628,0.5522371530532837,0.41103044152259827,-0.02204788103699684,0.5529381036758423,0.4106491506099701,-0.02210714854300022,0.5521842241287231,0.4122138023376465,-0.009037945419549942,0.5527640581130981,0.4118611514568329,-0.009011329151690006,0.5533617734909058,0.41154468059539795,-0.009009433910250664,0.5592039823532104,0.40904054045677185,-0.042171020060777664,0.5591990947723389,0.41057026386260986,0.04484430328011513,0.552716076374054,0.42323872447013855,-0.018441524356603622,0.5523779392242432,0.4240143299102783,-0.0012794288340955973,0.5646924376487732,0.4433571696281433,-0.07132285088300705,0.5622400045394897,0.44853660464286804,0.049663424491882324,0.5746036171913147,0.497858464717865,-0.09871178865432739,0.5720306634902954,0.507667064666748,0.057345520704984665,0.5774019360542297,0.553224503993988,-0.11301938444375992,0.5747298002243042,0.5436812043190002,0.018058396875858307,0.5790610313415527,0.5636484622955322,-0.1269775927066803,0.575545608997345,0.5549325346946716,0.012889410369098186,0.5776251554489136,0.5651769638061523,-0.12778252363204956,0.5741912126541138,0.5563648343086243,0.006309100892394781,0.5753476023674011,0.5605641007423401,-0.11372043192386627,0.5734630823135376,0.5527787208557129,0.013604676350951195,0.5202678442001343,0.5231236219406128,-0.050338972359895706,0.5236543416976929,0.5242834687232971,0.05031709745526314,0.4826686382293701,0.4609277844429016,-0.06081930920481682,0.49241238832473755,0.44370028376579285,0.04642178863286972,0.4572891294956207,0.5378466248512268,-0.03550334274768829,0.4665485918521881,0.5111511945724487,0.08797421306371689,0.46087250113487244,0.5522038340568542,-0.007487657479941845,0.4698067307472229,0.5256929397583008,0.0922410860657692,0.436366468667984,0.5459305644035339,0.0003492094110697508,0.4466826915740967,0.5233323574066162,0.08718948066234589
0314,./images/2/frame_00314.jpg,Fall,0.5523074865341187,0.4199690520763397,0.005503108724951744,0.554140031337738,0.41300612688064575,-0.004994630813598633,0.5544903874397278,0.41231584548950195,-0.00501677393913269,0.5548670887947083,0.41168922185897827,-0.005074433516710997,0.5545734167098999,0.41363102197647095,0.006414332427084446,0.555256724357605,0.41335347294807434,0.006438780575990677,0.5559636354446411,0.4130624532699585,0.006433350034058094,0.5619935989379883,0.4107930064201355,-0.03036298230290413,0.5629487037658691,0.4122588634490967,0.028303464874625206,0.5547271370887756,0.42431390285491943,-0.0021918921265751123,0.5549815893173218,0.42456668615341187,0.012524220161139965,0.5685610771179199,0.44597312808036804,-0.059955764561891556,0.568143904209137,0.4468232989311218,0.05569760128855705,0.57576584815979,0.4990915060043335,-0.08820211887359619,0.5767834782600403,0.5015751123428345,0.05080068111419678,0.5766736268997192,0.5513875484466553,-0.10537837445735931,0.5785888433456421,0.5463157296180725,-0.004628077615052462,0.5785335302352905,0.5622017979621887,-0.11857631057500839,0.5774208307266235,0.5616016983985901,-0.012558226473629475,0.5767486095428467,0.5633652210235596,-0.11970026791095734,0.5778277516365051,0.5583996176719666,-0.017056835815310478,0.5756475925445557,0.5592098832130432,-0.10642559826374054,0.5777149200439453,0.5547749996185303,-0.008618565276265144,0.5202134847640991,0.5220105051994324,-0.05102592706680298,0.5235211253166199,0.5245526432991028,0.05099746584892273,0.4823826253414154,0.45945581793785095,-0.05927073210477829,0.49161338806152344,0.44523558020591736,0.04767243191599846,0.457284539937973,0.5374586582183838,-0.01851317659020424,0.46586304903030396,0.5163922905921936,0.09544648975133896,0.4622039198875427,0.5521697998046875,0.00346272811293602,0.46871501207351685,0.532209038734436,0.09929708391427994,0.43851757049560547,0.5453031063079834,0.014476676471531391,0.44750016927719116,0.5280922055244446,0.09598533809185028
0315,./images/2/frame_00315.jpg,Fall,0.5587673187255859,0.4194270670413971,0.006566748023033142,0.561582088470459,0.41177961230278015,-0.0026834013406187296,0.5618548393249512,0.41070619225502014,-0.0027015074156224728,0.5622146129608154,0.41002944111824036,-0.0027517122216522694,0.5612183809280396,0.41208234429359436,0.006148833781480789,0.5617932677268982,0.4114523231983185,0.006165754981338978,0.5631479024887085,0.411660373210907,0.006152899004518986,0.5686560273170471,0.4098782539367676,-0.025149187073111534,0.5690873265266418,0.41167038679122925,0.022839998826384544,0.5617796778678894,0.42267560958862305,-2.3195545509224758e-05,0.5620554685592651,0.4229140281677246,0.011603941209614277,0.570010781288147,0.4477459788322449,-0.050513893365859985,0.570964515209198,0.4482262134552002,0.038157351315021515,0.577022910118103,0.501771867275238,-0.060127489268779755,0.5785378217697144,0.5030654072761536,0.02079632505774498,0.578101396560669,0.5541024208068848,-0.06142176315188408,0.582599937915802,0.5506043434143066,-0.03573154658079147,0.5800186395645142,0.5638101696968079,-0.07030067592859268,0.5811868906021118,0.5642831921577454,-0.04723474383354187,0.5783221125602722,0.5639916062355042,-0.07361103594303131,0.5823754072189331,0.5617374181747437,-0.04878707602620125,0.5773857831954956,0.5603762269020081,-0.06313485652208328,0.5820981860160828,0.5580689907073975,-0.03859404847025871,0.5203995704650879,0.5213134288787842,-0.0467737652361393,0.5231255292892456,0.5243425369262695,0.046702124178409576,0.4822560250759125,0.4590509235858917,-0.05538829416036606,0.4913392663002014,0.44524654746055603,0.04409725219011307,0.45677152276039124,0.5355257391929626,-0.007181157823652029,0.4651702046394348,0.5117838382720947,0.0943283960223198,0.46170082688331604,0.5506749749183655,0.006819426082074642,0.46728044748306274,0.52908855676651,0.09817598015069962,0.43806710839271545,0.5443695783615112,0.015188696794211864,0.44664865732192993,0.5167423486709595,0.0962708368897438
0316,./images/2/frame_00316.jpg,Fall,0.5677266120910645,0.41537246108055115,0.00038987345760688186,0.5689843893051147,0.4062546491622925,-0.0070117078721523285,0.5692986249923706,0.4057002663612366,-0.0070336321368813515,0.5697325468063354,0.40548646450042725,-0.007084628101438284,0.5694455504417419,0.40693557262420654,-2.480819784977939e-05,0.5700791478157043,0.40731602907180786,-1.6882268027984537e-05,0.5708766579627991,0.40823444724082947,-3.155605372739956e-05,0.5758774876594543,0.4100814461708069,-0.021916400641202927,0.5747944116592407,0.41170522570610046,0.015599949285387993,0.5682131052017212,0.42230191826820374,-0.0029602213762700558,0.5675341486930847,0.4223121106624603,0.006178768817335367,0.5727026462554932,0.4505995810031891,-0.040085725486278534,0.5720341801643372,0.4462951123714447,0.03506701439619064,0.5807849168777466,0.5031461715698242,-0.05654241517186165,0.5797016620635986,0.4984065890312195,0.007032102905213833,0.5812504291534424,0.5541897416114807,-0.05277027562260628,0.5857334136962891,0.5486933588981628,-0.05548948049545288,0.5817004442214966,0.5640476942062378,-0.061919789761304855,0.5827561616897583,0.5633054375648499,-0.07002522796392441,0.5799399614334106,0.5631316900253296,-0.06641754508018494,0.5851194262504578,0.561700165271759,-0.0709906741976738,0.5793173909187317,0.5599879622459412,-0.05494188144803047,0.5848605632781982,0.5576822757720947,-0.05819760635495186,0.5204675197601318,0.5192915201187134,-0.045073311775922775,0.522489607334137,0.5185738801956177,0.045008476823568344,0.4819037914276123,0.458761602640152,-0.056885212659835815,0.4915309548377991,0.4431840777397156,0.04377194494009018,0.4570768475532532,0.5354506373405457,-0.00610352773219347,0.46810823678970337,0.5077723264694214,0.09291966259479523,0.4615383744239807,0.5513221025466919,0.004811065271496773,0.4704570770263672,0.5250605940818787,0.09658632427453995,0.43809232115745544,0.545122504234314,0.01007317565381527,0.44731101393699646,0.5141281485557556,0.09708006680011749
0317,./images/2/frame_00317.jpg,Fall,0.5632340908050537,0.41531360149383545,-0.0019307580078020692,0.5665863752365112,0.4061911404132843,-0.010658935643732548,0.5670565366744995,0.4058375060558319,-0.010681960731744766,0.5677725076675415,0.40574607253074646,-0.010728411376476288,0.567005455493927,0.4067915081977844,-0.0010172176407650113,0.5677202939987183,0.40712106227874756,-0.000995055423118174,0.5686158537864685,0.4077741503715515,-0.000985634746029973,0.5736328363418579,0.41064903140068054,-0.029773781076073647,0.5743331909179688,0.4120744466781616,0.015083889476954937,0.5660749673843384,0.42133548855781555,-0.007344754878431559,0.5664567351341248,0.42138370871543884,0.005260990466922522,0.574000895023346,0.4487060010433197,-0.05028107762336731,0.5729460120201111,0.45095396041870117,0.036274783313274384,0.5821298360824585,0.5047430396080017,-0.0750226229429245,0.581838846206665,0.49807167053222656,0.03389032557606697,0.5823267698287964,0.5529433488845825,-0.09348610043525696,0.5859127640724182,0.5475120544433594,-0.029363680630922318,0.5821950435638428,0.5635613203048706,-0.10522733628749847,0.5829526782035828,0.5599315166473389,-0.031379811465740204,0.5789045095443726,0.5625855922698975,-0.1052417904138565,0.5842372179031372,0.5582929253578186,-0.026784053072333336,0.5780120491981506,0.5584949254989624,-0.09393994510173798,0.5838542580604553,0.5546700954437256,-0.02681371010839939,0.5204626321792603,0.5180287957191467,-0.046164464205503464,0.5227895975112915,0.5080756545066833,0.04608725383877754,0.4815496802330017,0.4592417776584625,-0.04798641428351402,0.4910612106323242,0.44777947664260864,0.046133555471897125,0.4575374126434326,0.5375440716743469,0.00493908766657114,0.4684573709964752,0.5035364627838135,0.1097242459654808,0.46124935150146484,0.5539451241493225,0.012713765725493431,0.4698985517024994,0.5201789140701294,0.11477936804294586,0.4394996762275696,0.5430462956428528,0.022395528852939606,0.4491002559661865,0.5064240097999573,0.11943842470645905
0318,./images/2/frame_00318.jpg,Fall,0.5658318996429443,0.414077490568161,0.003123708302155137,0.5692104697227478,0.40604260563850403,-0.006119559518992901,0.5696080923080444,0.4057665467262268,-0.006140334066003561,0.5701000690460205,0.4056711494922638,-0.006186707876622677,0.5697828531265259,0.4066489338874817,0.0036169954109936953,0.5705541372299194,0.40696197748184204,0.003635627683252096,0.5714435577392578,0.4075019359588623,0.003638805355876684,0.5749754309654236,0.4112265408039093,-0.028506238013505936,0.5767343640327454,0.41295501589775085,0.017030881717801094,0.5681684017181396,0.4207667410373688,-0.0034754746593534946,0.5682886242866516,0.4213951528072357,0.009266963228583336,0.5756068229675293,0.44929707050323486,-0.04957792907953262,0.574434757232666,0.44887208938598633,0.03822149336338043,0.5815067291259766,0.5073471069335938,-0.06789243966341019,0.5819624662399292,0.5010902285575867,0.04272255301475525,0.5794868469238281,0.5548797845840454,-0.07926376163959503,0.5838499069213867,0.548466145992279,0.005303332582116127,0.5796104073524475,0.5716712474822998,-0.0895051509141922,0.5807222127914429,0.560503363609314,0.0004685703315772116,0.5775250196456909,0.5651748776435852,-0.09002501517534256,0.5816842317581177,0.5584192276000977,-0.0020425047259777784,0.5762752890586853,0.5606666207313538,-0.07975603640079498,0.5813607573509216,0.5548571944236755,0.003489328548312187,0.5208147764205933,0.5152189135551453,-0.04637306556105614,0.5230079889297485,0.5072928071022034,0.0462782047688961,0.48153430223464966,0.459880530834198,-0.04715516418218613,0.49083012342453003,0.4543558657169342,0.05084159970283508,0.4593835771083832,0.5375146269798279,0.004073703195899725,0.4673698842525482,0.5080966353416443,0.108758345246315,0.46135130524635315,0.5538142919540405,0.010522904805839062,0.46863335371017456,0.5243833661079407,0.11329533904790878,0.4412357211112976,0.5408667922019958,0.01821236126124859,0.4490489363670349,0.5070983171463013,0.11640733480453491
0319,./images/2/frame_00319.jpg,Fall,0.5705460906028748,0.41333168745040894,0.021330002695322037,0.5740557909011841,0.40625953674316406,0.011514321900904179,0.574157178401947,0.40604743361473083,0.01149672456085682,0.5743207931518555,0.4059537649154663,0.01144338957965374,0.5752541422843933,0.4071716368198395,0.01878075674176216,0.5765957236289978,0.40809300541877747,0.018783515319228172,0.5775991678237915,0.4089600145816803,0.018769171088933945,0.5775782465934753,0.41223809123039246,-0.015545254573225975,0.5809558629989624,0.4158957302570343,0.018897315487265587,0.5730154514312744,0.42072468996047974,0.01315760426223278,0.5731430053710938,0.4218346178531647,0.022748906165361404,0.5743842720985413,0.44824841618537903,-0.03584049642086029,0.5773217678070068,0.4585151970386505,0.03606401011347771,0.5758596658706665,0.5076425671577454,-0.0375901497900486,0.581069827079773,0.5072453022003174,0.02958100661635399,0.5775741934776306,0.5540681481361389,-0.034288179129362106,0.5830551981925964,0.5510937571525574,-0.002867635805159807,0.5788369178771973,0.5669593214988708,-0.04036317393183708,0.580726146697998,0.559790313243866,-0.00916337687522173,0.578059196472168,0.5641981363296509,-0.04216635227203369,0.5811415314674377,0.5616406202316284,-0.010160672478377819,0.5765930414199829,0.5596811771392822,-0.035113513469696045,0.5809274911880493,0.5579273104667664,-0.004466475918889046,0.5207898616790771,0.5133827924728394,-0.045735977590084076,0.5236638188362122,0.5087614059448242,0.04565555602312088,0.4818277359008789,0.46038326621055603,-0.033073026686906815,0.4906315803527832,0.4592593312263489,0.05385485291481018,0.4591635763645172,0.5370576977729797,0.00306522729806602,0.46786946058273315,0.5084755420684814,0.10642435401678085,0.4607020914554596,0.5536190271377563,0.009374666959047318,0.4685801565647125,0.5240517854690552,0.11061893403530121,0.4413275122642517,0.54109787940979,0.015020618215203285,0.45032262802124023,0.5060696005821228,0.11262033879756927
0320,./images/2/frame_00320.jpg,Fall,0.5675666332244873,0.41249898076057434,0.02378639206290245,0.5706303715705872,0.4061517119407654,0.013923028483986855,0.5712854862213135,0.4060487449169159,0.013901354745030403,0.571876049041748,0.40601491928100586,0.013844026252627373,0.5714213252067566,0.40705442428588867,0.021874386817216873,0.5724221467971802,0.4078708589076996,0.02188141830265522,0.5735383629798889,0.40862807631492615,0.021864214912056923,0.5766977667808533,0.41240352392196655,-0.013097655959427357,0.5800617933273315,0.41704869270324707,0.023820431903004646,0.5691003799438477,0.4206514060497284,0.015859542414546013,0.5699348449707031,0.4217716157436371,0.02644124999642372,0.5750868320465088,0.44735443592071533,-0.031868189573287964,0.5767833590507507,0.4572140872478485,0.03997082635760307,0.5745076537132263,0.5079531669616699,-0.031311966478824615,0.5818203091621399,0.5131781101226807,0.04509517550468445,0.577597975730896,0.5538909435272217,-0.026592588052153587,0.5836306214332581,0.5527202486991882,0.027322974056005478,0.5801686644554138,0.5694159865379333,-0.03200465068221092,0.582572340965271,0.5654082298278809,0.0236990787088871,0.5807215571403503,0.5700578689575195,-0.03411129117012024,0.5838743448257446,0.5624953508377075,0.02277512103319168,0.5769253969192505,0.5600078701972961,-0.02741415426135063,0.5820392966270447,0.5573408603668213,0.026124950498342514,0.5214067697525024,0.5127138495445251,-0.045533034950494766,0.5248874425888062,0.5095767974853516,0.04542938992381096,0.48203882575035095,0.4605741798877716,-0.03069075010716915,0.491011381149292,0.4612817168235779,0.05980316549539566,0.45900121331214905,0.5365914106369019,0.0010823090560734272,0.46698346734046936,0.5058538317680359,0.10921110957860947,0.4603576064109802,0.5533186793327332,0.005904604680836201,0.4671701490879059,0.5202670693397522,0.1134219542145729,0.44125622510910034,0.5399534702301025,0.00955746229737997,0.45080289244651794,0.5021325349807739,0.11471803486347198
0321,./images/2/frame_00321.jpg,Fall,0.5685714483261108,0.4122457206249237,0.004161360673606396,0.5719569325447083,0.40655478835105896,-0.00446785194799304,0.5726763606071472,0.4066234230995178,-0.0044960458762943745,0.5734716057777405,0.4067761301994324,-0.0045488933101296425,0.5721567869186401,0.40727075934410095,0.006001951638609171,0.5729867815971375,0.40802645683288574,0.00602057296782732,0.5739701986312866,0.40877673029899597,0.006024535279721022,0.578566312789917,0.41397976875305176,-0.02483222261071205,0.5795735120773315,0.417347252368927,0.02147887833416462,0.5702394843101501,0.4204188883304596,-0.0015183367067947984,0.5703360438346863,0.4216570556163788,0.012427343055605888,0.5772753953933716,0.4506101906299591,-0.04363401234149933,0.5745264291763306,0.4547157287597656,0.04339923709630966,0.5783525705337524,0.5108579993247986,-0.05886409431695938,0.5801922082901001,0.5143440961837769,0.05398152023553848,0.5799169540405273,0.5546109676361084,-0.06826432049274445,0.5833790898323059,0.5507317185401917,0.03346124663949013,0.5809647440910339,0.5675421357154846,-0.07734479755163193,0.5826452374458313,0.5639973282814026,0.030583571642637253,0.5797537565231323,0.5678980350494385,-0.07634931057691574,0.5838385224342346,0.5606807470321655,0.027636384591460228,0.5778005123138428,0.5610792636871338,-0.06796968728303909,0.5827866792678833,0.5569372177124023,0.0314519964158535,0.5219645500183105,0.5129354000091553,-0.04666183143854141,0.5250335931777954,0.5083442330360413,0.04655313491821289,0.4826294481754303,0.4606609046459198,-0.032172270119190216,0.49099916219711304,0.460271954536438,0.06561306118965149,0.4589022099971771,0.5361500382423401,-0.000989190535619855,0.46707066893577576,0.5036414861679077,0.112308070063591,0.46032238006591797,0.55311518907547,0.0036853093188256025,0.46728619933128357,0.5175021886825562,0.11643479764461517,0.4413103461265564,0.5399852991104126,0.00721063232049346,0.45090118050575256,0.5001199841499329,0.11850403249263763
0322,./images/2/frame_00322.jpg,Fall,0.5686020255088806,0.41214850544929504,0.02381393127143383,0.5716232061386108,0.40731069445610046,0.01370848435908556,0.5721924901008606,0.40738651156425476,0.013683688826858997,0.572770357131958,0.4075367748737335,0.01362253911793232,0.5720773339271545,0.40805065631866455,0.022639313712716103,0.5730069279670715,0.4088006615638733,0.02265859767794609,0.5739960074424744,0.4096062183380127,0.022646309807896614,0.5780090689659119,0.4141777753829956,-0.013844559900462627,0.5796887874603271,0.42017653584480286,0.02700505033135414,0.5704578161239624,0.4202626049518585,0.015682952478528023,0.5708969831466675,0.4213752746582031,0.027534818276762962,0.5756409764289856,0.4495158791542053,-0.03606296703219414,0.5779255032539368,0.4615209400653839,0.044080089777708054,0.5767223834991455,0.5096487402915955,-0.055509645491838455,0.5821573734283447,0.514384388923645,0.04731946438550949,0.5795592069625854,0.5538833737373352,-0.06653746217489243,0.5836533904075623,0.5518720149993896,0.025151381269097328,0.5811620950698853,0.5699240565299988,-0.07530152052640915,0.5826370120048523,0.5651116967201233,0.021032588556408882,0.5793272852897644,0.5665106177330017,-0.07559197396039963,0.5836583971977234,0.5615261197090149,0.01865522563457489,0.5777335166931152,0.5605370998382568,-0.0670870691537857,0.5827907919883728,0.5580277442932129,0.02319207601249218,0.5219478607177734,0.5124399662017822,-0.04640113562345505,0.5255529284477234,0.5097211599349976,0.046272605657577515,0.4828612208366394,0.4608551561832428,-0.02785961702466011,0.4912833571434021,0.46240752935409546,0.06511400640010834,0.4588255286216736,0.5354597568511963,-0.002239418914541602,0.4673636853694916,0.5036923885345459,0.10864325612783432,0.4603451192378998,0.5594165325164795,0.0016902114730328321,0.4673869013786316,0.517469584941864,0.11243186891078949,0.44124025106430054,0.538391649723053,0.0044093383476138115,0.45112839341163635,0.4988069236278534,0.11353520303964615
0323,./images/2/frame_00323.jpg,Fall,0.5682960748672485,0.41216084361076355,0.024403182789683342,0.5711238980293274,0.4077933132648468,0.01394268125295639,0.5715807676315308,0.40795469284057617,0.013917890377342701,0.5722191333770752,0.408365935087204,0.013856505043804646,0.5720237493515015,0.4085734188556671,0.02291763946413994,0.5730576515197754,0.40929532051086426,0.02293538674712181,0.5741473436355591,0.4100985527038574,0.022920068353414536,0.5772138237953186,0.414357453584671,-0.01448529027402401,0.5801568627357483,0.419149786233902,0.026335570961236954,0.5694188475608826,0.42017558217048645,0.015885189175605774,0.5702807903289795,0.4211774170398712,0.027764180675148964,0.5746999979019165,0.44898155331611633,-0.03641682118177414,0.5786045789718628,0.46327197551727295,0.042838189750909805,0.5754348635673523,0.5096016526222229,-0.05587097257375717,0.5827210545539856,0.5148438215255737,0.048241518437862396,0.578126072883606,0.5543950200080872,-0.0736311823129654,0.583088755607605,0.5534406304359436,0.026790648698806763,0.5801529884338379,0.5704329013824463,-0.08355472981929779,0.5819573402404785,0.564822793006897,0.02298698201775551,0.5798601508140564,0.5697863101959229,-0.08410926163196564,0.5828493237495422,0.5613704919815063,0.020604511722922325,0.5781903266906738,0.5660863518714905,-0.07451066374778748,0.582057774066925,0.5579246282577515,0.02491804212331772,0.5219385623931885,0.5121773481369019,-0.04645457863807678,0.526063084602356,0.5111892223358154,0.04632261395454407,0.4829396605491638,0.46101871132850647,-0.027824144810438156,0.4913408160209656,0.4633437395095825,0.06463612616062164,0.4587703347206116,0.5350129008293152,0.002533064689487219,0.467562735080719,0.5037380456924438,0.11406384408473969,0.46001529693603516,0.5551505088806152,0.007026820443570614,0.4676496982574463,0.5175405144691467,0.11864206939935684,0.4412258267402649,0.5375488996505737,0.009369484148919582,0.45127907395362854,0.49847474694252014,0.11903733015060425
0324,./images/2/frame_00324.jpg,Fall,0.5715376138687134,0.41191962361335754,0.03802631050348282,0.574693500995636,0.40777337551116943,0.026768872514367104,0.5748852491378784,0.4078994393348694,0.026751097291707993,0.5751153230667114,0.4082070291042328,0.02668905258178711,0.5760257244110107,0.4086972177028656,0.03408113867044449,0.5771700143814087,0.4095081388950348,0.03408725932240486,0.5782709121704102,0.4103665351867676,0.03405597060918808,0.5784204602241516,0.4141022264957428,-0.00721545796841383,0.582314133644104,0.42204421758651733,0.026949653401970863,0.5714582204818726,0.419670432806015,0.0275203138589859,0.5729607939720154,0.4211428463459015,0.03718770295381546,0.5737193822860718,0.4484686851501465,-0.029956713318824768,0.5802310705184937,0.4664788842201233,0.040875617414712906,0.5745656490325928,0.5089748501777649,-0.03804238140583038,0.5823674201965332,0.5203953385353088,0.04566086083650589,0.5773226618766785,0.5541044473648071,-0.04315008968114853,0.5833972096443176,0.5544717311859131,0.032063569873571396,0.5799738168716431,0.569685161113739,-0.049878038465976715,0.5817397236824036,0.5657628178596497,0.028820529580116272,0.5807351469993591,0.5701072216033936,-0.052558839321136475,0.5826979875564575,0.5627874135971069,0.02780463732779026,0.5791530609130859,0.5671298503875732,-0.044705580919981,0.5820612907409668,0.5591456294059753,0.03089546225965023,0.5219946503639221,0.5116509199142456,-0.04601940140128136,0.5264333486557007,0.5123600959777832,0.04587776958942413,0.4833022952079773,0.46115586161613464,-0.02589975669980049,0.49151402711868286,0.46396082639694214,0.06273109465837479,0.4585641026496887,0.5348093509674072,0.0014399692881852388,0.4659590721130371,0.5040136575698853,0.11306773126125336,0.46000251173973083,0.5602095723152161,0.005148891359567642,0.4666717052459717,0.5175337791442871,0.11790025234222412,0.4411833882331848,0.5368887782096863,0.006747777573764324,0.4513935446739197,0.4986100494861603,0.11683597415685654
0325,./images/2/frame_00325.jpg,Fall,0.5712875127792358,0.4115588366985321,0.03040633723139763,0.5744975805282593,0.4077112078666687,0.0199765395373106,0.5748293995857239,0.407848060131073,0.01995839551091194,0.5752235054969788,0.4081193804740906,0.019901130348443985,0.5754379034042358,0.4086102843284607,0.028086144477128983,0.5764518976211548,0.40938466787338257,0.028097789734601974,0.5775238275527954,0.41019442677497864,0.028077352792024612,0.5791981220245361,0.41436097025871277,-0.010099855251610279,0.5819045901298523,0.421514093875885,0.03157837316393852,0.5713270902633667,0.4194369316101074,0.02143239602446556,0.5722014307975769,0.4205544888973236,0.032157737761735916,0.5756168961524963,0.44989293813705444,-0.03074795939028263,0.5796810984611511,0.4640425443649292,0.04742293804883957,0.5758112668991089,0.5105212926864624,-0.059866778552532196,0.5836591124534607,0.5183472037315369,0.05167707800865173,0.5774132609367371,0.5546436905860901,-0.08271078765392303,0.5838804841041565,0.5539803504943848,0.030093859881162643,0.5798946619033813,0.5715115666389465,-0.0935089960694313,0.5821828842163086,0.565544068813324,0.026393910869956017,0.5797969102859497,0.5677460432052612,-0.09311573207378387,0.5831488966941833,0.5626474022865295,0.024581024423241615,0.5781236886978149,0.566912055015564,-0.08325269818305969,0.5825607776641846,0.5589768886566162,0.028433775529265404,0.522583544254303,0.5117968916893005,-0.0465983971953392,0.5265464186668396,0.512218177318573,0.046454835683107376,0.4833682179450989,0.46127933263778687,-0.02731274999678135,0.4911282956600189,0.46336618065834045,0.06234440207481384,0.4584825038909912,0.5347892642021179,-0.0038107014261186123,0.46475815773010254,0.5042151808738708,0.11132293939590454,0.46031099557876587,0.561388373374939,-0.0001284486788790673,0.46566128730773926,0.5176515579223633,0.1157008558511734,0.44025880098342896,0.5369092226028442,0.00201435387134552,0.45049577951431274,0.49922168254852295,0.11481983959674835
0326,./images/2/frame_00326.jpg,Fall,0.5711994767189026,0.41129836440086365,0.03302295133471489,0.5741435885429382,0.40769660472869873,0.02255338989198208,0.5746343731880188,0.40778544545173645,0.022534145042300224,0.575024425983429,0.4080287516117096,0.022477850317955017,0.5752853751182556,0.40854644775390625,0.03138457611203194,0.5763081312179565,0.40929484367370605,0.03139672428369522,0.5774136781692505,0.41007405519485474,0.031376320868730545,0.5791744589805603,0.414425790309906,-0.008009235374629498,0.582150399684906,0.4215710163116455,0.03325025737285614,0.5712025165557861,0.41927745938301086,0.023633720353245735,0.5723446607589722,0.42048946022987366,0.03530421108007431,0.5757480263710022,0.44961389899253845,-0.030824800953269005,0.5802144408226013,0.46518680453300476,0.04643213003873825,0.5754798650741577,0.5103734135627747,-0.05246741324663162,0.5831467509269714,0.5197224617004395,0.05230288952589035,0.5772339701652527,0.554392397403717,-0.07161680608987808,0.5840948224067688,0.5541253685951233,0.03725752234458923,0.5798534154891968,0.5710107088088989,-0.07868240773677826,0.582349419593811,0.5652881860733032,0.03439711779356003,0.5791187882423401,0.5652985572814941,-0.07785644382238388,0.5833508968353271,0.5624199509620667,0.033133622258901596,0.5778055191040039,0.5652682781219482,-0.0714917704463005,0.582783579826355,0.5588005781173706,0.035947881639003754,0.5227962732315063,0.5118191838264465,-0.046404752880334854,0.5268622636795044,0.512502908706665,0.04626644775271416,0.48338446021080017,0.4613102674484253,-0.028252312913537025,0.49118298292160034,0.4651719033718109,0.06142062693834305,0.45842403173446655,0.5347888469696045,-0.005835366435348988,0.4651847779750824,0.5066428780555725,0.10419788211584091,0.4603007435798645,0.5620245337486267,-0.0022512441501021385,0.4659113883972168,0.5184201002120972,0.1079840287566185,0.43998709321022034,0.5369746088981628,0.0008906053262762725,0.45035654306411743,0.49967411160469055,0.10876917839050293
0327,./images/2/frame_00327.jpg,Fall,0.5714431405067444,0.4110550284385681,0.030627433210611343,0.5748713612556458,0.4076637625694275,0.020148135721683502,0.5753052234649658,0.4077846109867096,0.020131323486566544,0.5757493376731873,0.408022940158844,0.020075488835573196,0.5757130980491638,0.4085005521774292,0.028496896848082542,0.5767012238502502,0.4092468321323395,0.02850985899567604,0.5777616500854492,0.410019189119339,0.02848922647535801,0.58006751537323,0.41513562202453613,-0.00960533507168293,0.5830112099647522,0.4219944477081299,0.03119579888880253,0.5719135999679565,0.4192444980144501,0.021297713741660118,0.5727938413619995,0.42042338848114014,0.0324670635163784,0.5769017934799194,0.4511171579360962,-0.03182303160429001,0.5792587399482727,0.4645805358886719,0.04630420356988907,0.575954258441925,0.5109162926673889,-0.05369044095277786,0.5796476602554321,0.51885986328125,0.06498692184686661,0.5779187679290771,0.5536648035049438,-0.06882473826408386,0.5838257074356079,0.5531483292579651,0.06810183823108673,0.5800942778587341,0.5706949234008789,-0.07629106938838959,0.5818682909011841,0.5640847682952881,0.06826646625995636,0.579789400100708,0.5623478889465332,-0.0767282024025917,0.5830321311950684,0.5600001811981201,0.06616472452878952,0.5775458216667175,0.5612817406654358,-0.06935188174247742,0.5824180841445923,0.5564717650413513,0.0671229213476181,0.5229752063751221,0.5118997097015381,-0.04631752520799637,0.5268529653549194,0.5122490525245667,0.04619342088699341,0.48338955640792847,0.4621676206588745,-0.032932594418525696,0.49116286635398865,0.46504291892051697,0.058812957257032394,0.4583168029785156,0.5348197817802429,-0.00967232882976532,0.4636456072330475,0.507982075214386,0.09718073904514313,0.46033602952957153,0.5618667006492615,-0.005736911203712225,0.4650250971317291,0.518536388874054,0.10042840242385864,0.43998804688453674,0.53914475440979,-0.001263060956262052,0.4492388367652893,0.5002983212471008,0.100894033908844
0328,./images/2/frame_00328.jpg,Fall,0.5705188512802124,0.4113723039627075,0.024192463606595993,0.573769211769104,0.4083462059497833,0.013622892089188099,0.5742077827453613,0.40852704644203186,0.013601337559521198,0.5751510262489319,0.4083939492702484,0.013549825176596642,0.574618935585022,0.4090516269207001,0.023696396499872208,0.5760694742202759,0.4095357656478882,0.023714832961559296,0.5772054195404053,0.41034752130508423,0.023704934865236282,0.5797562003135681,0.41583284735679626,-0.015054477378726006,0.5822314620018005,0.4224097728729248,0.029763340950012207,0.5715867280960083,0.41951197385787964,0.015431399457156658,0.5724631547927856,0.4205329418182373,0.028941486030817032,0.5769361257553101,0.4522978961467743,-0.036943309009075165,0.5790575742721558,0.46456024050712585,0.04648464918136597,0.5768493413925171,0.5108538269996643,-0.0689566358923912,0.579576849937439,0.5187946557998657,0.0740281492471695,0.5787599682807922,0.5531759262084961,-0.0952673852443695,0.5837249755859375,0.5525276064872742,0.08313398063182831,0.5805613398551941,0.5693696141242981,-0.10525594651699066,0.5818074941635132,0.5632691979408264,0.08468008041381836,0.5804716348648071,0.5605628490447998,-0.10472043603658676,0.5828481316566467,0.5585346817970276,0.08149118721485138,0.5786141157150269,0.5574328303337097,-0.09577521681785583,0.5822232365608215,0.5551016330718994,0.0819249078631401,0.5228896737098694,0.5122488141059875,-0.046469129621982574,0.526824951171875,0.5120610594749451,0.04635182395577431,0.48330768942832947,0.463820219039917,-0.032871540635824203,0.49107521772384644,0.46487659215927124,0.059748101979494095,0.45823150873184204,0.5350144505500793,-0.007907489314675331,0.4634357988834381,0.5085228681564331,0.09955082088708878,0.4589959681034088,0.5565394759178162,-0.0038056201301515102,0.4649783968925476,0.518405020236969,0.10307948291301727,0.43977802991867065,0.5390371680259705,0.00012334148050285876,0.44907188415527344,0.5005061030387878,0.10297536849975586
0329,./images/2/frame_00329.jpg,Fall,0.5699889659881592,0.41126713156700134,0.024194855242967606,0.5732578039169312,0.40837499499320984,0.013628299348056316,0.5736900568008423,0.4085484743118286,0.013606816530227661,0.5744122266769409,0.40846094489097595,0.013555072247982025,0.5741246938705444,0.40906527638435364,0.0236030463129282,0.5755070447921753,0.40972214937210083,0.023620491847395897,0.5766429901123047,0.41054508090019226,0.023609912022948265,0.5792246460914612,0.4156779944896698,-0.015302538871765137,0.5816293954849243,0.42231258749961853,0.02908184751868248,0.5711374282836914,0.41904416680336,0.015423143282532692,0.5719841718673706,0.41984888911247253,0.028714600950479507,0.576242208480835,0.4518510103225708,-0.03670793026685715,0.5792553424835205,0.46550020575523376,0.04537408798933029,0.576390266418457,0.5106099843978882,-0.06578725576400757,0.5796491503715515,0.5207685828208923,0.06845908612012863,0.5787435173988342,0.5518122911453247,-0.07984442263841629,0.5837621688842773,0.5521063208580017,0.07232795655727386,0.5814483165740967,0.5692969560623169,-0.0889878123998642,0.5828478932380676,0.562836229801178,0.07254497706890106,0.5806824564933777,0.559699296951294,-0.08927103877067566,0.5836507081985474,0.5584779381752014,0.07019124925136566,0.5789479613304138,0.5557736754417419,-0.08037789911031723,0.5828428864479065,0.5549954771995544,0.07120736688375473,0.5228636264801025,0.5122703313827515,-0.04646224528551102,0.5268043279647827,0.5120493769645691,0.0463455468416214,0.48328161239624023,0.46496832370758057,-0.0328802727162838,0.49108630418777466,0.4648332893848419,0.05975978821516037,0.45820149779319763,0.5350334644317627,-0.0070947944186627865,0.4635365605354309,0.508738100528717,0.1016404777765274,0.45915526151657104,0.5591292977333069,-0.002946416614577174,0.4651021361351013,0.51814866065979,0.10541573911905289,0.43976426124572754,0.538814902305603,0.0007362455944530666,0.4491073489189148,0.5004554986953735,0.10399816930294037
0330,./images/2/frame_00330.jpg,Fall,0.5714898705482483,0.4115445017814636,0.029353905469179153,0.5754114389419556,0.40935108065605164,0.018463604152202606,0.5758305788040161,0.40959981083869934,0.01843986101448536,0.5763388872146606,0.40969908237457275,0.01838241145014763,0.5763475894927979,0.41019731760025024,0.026732880622148514,0.5775419473648071,0.41107937693595886,0.02674773707985878,0.579403281211853,0.41298577189445496,0.026727572083473206,0.5802797079086304,0.4168434143066406,-0.012463599443435669,0.5833390951156616,0.42234039306640625,0.02819865569472313,0.5722541809082031,0.4197552502155304,0.020037662237882614,0.5735079050064087,0.42656388878822327,0.03112759068608284,0.5759530067443848,0.45158088207244873,-0.0345764085650444,0.5798192620277405,0.46696701645851135,0.04369375482201576,0.5762326717376709,0.5104439854621887,-0.06407801806926727,0.5796103477478027,0.5201707482337952,0.0644894614815712,0.5787962079048157,0.5512120127677917,-0.07517547905445099,0.5836732983589172,0.5519540309906006,0.06915115565061569,0.5819123983383179,0.5685582756996155,-0.08391629904508591,0.5826975107192993,0.5595872402191162,0.06922031939029694,0.5820536017417908,0.5632485151290894,-0.08526460826396942,0.5835789442062378,0.5555822253227234,0.06747456640005112,0.5803354978561401,0.560232937335968,-0.076288603246212,0.5828272700309753,0.5523519515991211,0.06827711313962936,0.5228309035301208,0.512310266494751,-0.04638952389359474,0.5267860293388367,0.5122078061103821,0.04626891389489174,0.4831622242927551,0.46530213952064514,-0.029596596956253052,0.4913107752799988,0.4648692309856415,0.06216512247920036,0.4581972658634186,0.5350735783576965,-0.006612227763980627,0.4635407030582428,0.5086723566055298,0.1017809510231018,0.4591822028160095,0.5610359311103821,-0.0025763188023120165,0.46438637375831604,0.5170262455940247,0.10548438876867294,0.43976521492004395,0.538618803024292,0.0002543943119235337,0.44914379715919495,0.500106155872345,0.10422787815332413
0331,./images/2/frame_00331.jpg,Fall,0.5785667896270752,0.4230450391769409,0.05887969210743904,0.578580379486084,0.4127607047557831,0.04700919985771179,0.5785337686538696,0.41256994009017944,0.04700126498937607,0.5778936147689819,0.41152435541152954,0.04694381356239319,0.582503080368042,0.42136240005493164,0.050948821008205414,0.5831729173660278,0.4229882061481476,0.05094028264284134,0.5839812159538269,0.42483818531036377,0.05090278387069702,0.5807215571403503,0.4185484051704407,0.011457863263785839,0.5855238437652588,0.426230788230896,0.030516445636749268,0.5768595933914185,0.4267035722732544,0.04813314229249954,0.5780953168869019,0.43191489577293396,0.05332956835627556,0.5748673677444458,0.4463382661342621,-0.012268224731087685,0.5814906358718872,0.4756251871585846,0.03590574115514755,0.5727652311325073,0.502701461315155,-0.028364792466163635,0.5792797803878784,0.5257718563079834,0.020988792181015015,0.577661395072937,0.5462020635604858,-0.036624129861593246,0.5836340188980103,0.5517091751098633,-0.007569916546344757,0.5804877877235413,0.5562406778335571,-0.042514484375715256,0.5829238891601562,0.5598211288452148,-0.014104848727583885,0.5815120935440063,0.5573177933692932,-0.04672979190945625,0.5842188596725464,0.5559827089309692,-0.011868399567902088,0.5799001455307007,0.555782675743103,-0.03889966383576393,0.5831639170646667,0.5525200366973877,-0.007817857898771763,0.5221903920173645,0.5076890587806702,-0.04057912901043892,0.5267965197563171,0.5183989405632019,0.040487583726644516,0.4831661581993103,0.4638110399246216,-0.023241546005010605,0.491330087184906,0.47227445244789124,0.053722359240055084,0.4586252272129059,0.5312362313270569,-0.006477386690676212,0.46355342864990234,0.5216022729873657,0.07998402416706085,0.4592241644859314,0.5539013147354126,-0.002355575328692794,0.4630444645881653,0.5381625890731812,0.08193057030439377,0.4410970211029053,0.5350580811500549,0.0005632723914459348,0.4491889476776123,0.5141167640686035,0.07861003279685974
0332,./images/2/frame_00332.jpg,Fall,0.5795088410377502,0.42292407155036926,0.05574936419725418,0.5785980224609375,0.41238531470298767,0.04483328387141228,0.57869553565979,0.4122864902019501,0.04482541233301163,0.5786380171775818,0.41166338324546814,0.044772498309612274,0.5831286311149597,0.42088034749031067,0.04914551600813866,0.5837443470954895,0.42246735095977783,0.04914423078298569,0.5844013690948486,0.42416223883628845,0.04911220073699951,0.5808569192886353,0.41844549775123596,0.012398190796375275,0.584999680519104,0.4255545735359192,0.03169312700629234,0.5778820514678955,0.42702993750572205,0.04580210521817207,0.5790144205093384,0.43141528964042664,0.0514819398522377,0.5747718214988708,0.4457765817642212,-0.012859323993325233,0.5816834568977356,0.47568538784980774,0.03566570580005646,0.5721384286880493,0.5033330321311951,-0.03144196793437004,0.5781611800193787,0.5271642208099365,0.011215941049158573,0.5776466727256775,0.5452132225036621,-0.040864281356334686,0.5835919976234436,0.5513086915016174,-0.02927168644964695,0.57994544506073,0.5557529330253601,-0.04683009162545204,0.5831406712532043,0.5601197481155396,-0.0379045344889164,0.5811840295791626,0.5571890473365784,-0.05032619088888168,0.584613561630249,0.55624920129776,-0.034305404871702194,0.5796723961830139,0.555760383605957,-0.04276211932301521,0.5836158990859985,0.5529932379722595,-0.029395276680588722,0.5219265818595886,0.5062687397003174,-0.040259286761283875,0.5267536044120789,0.5191677212715149,0.040157951414585114,0.4831570088863373,0.4623594582080841,-0.02481643483042717,0.49127697944641113,0.47058966755867004,0.04892674461007118,0.45933499932289124,0.5307374000549316,-0.009247764013707638,0.4630463123321533,0.5209931135177612,0.07768520712852478,0.46031254529953003,0.5520857572555542,-0.006090229377150536,0.4624161124229431,0.538102924823761,0.07977285981178284,0.44158267974853516,0.5338897109031677,-0.0022784690372645855,0.4477159380912781,0.5149683952331543,0.07661037147045135
0333,./images/2/frame_00333.jpg,Fall,0.5757623910903931,0.4176754951477051,0.03147173300385475,0.5782898664474487,0.4122854471206665,0.022609541192650795,0.5783243775367737,0.4120941460132599,0.02259116992354393,0.5779021978378296,0.4114575684070587,0.022541925311088562,0.5791174173355103,0.4163808524608612,0.03228352218866348,0.5807094573974609,0.41897279024124146,0.03229619562625885,0.5815109610557556,0.4204922020435333,0.0322783924639225,0.5807267427444458,0.41900917887687683,0.0034285658039152622,0.5847703218460083,0.42500659823417664,0.03551521152257919,0.577042818069458,0.42695939540863037,0.02505362406373024,0.5786579251289368,0.4302057921886444,0.03807318955659866,0.5767956972122192,0.45093482732772827,-0.021572988480329514,0.5797461867332458,0.4686656892299652,0.05451650172472,0.575044572353363,0.5075973272323608,-0.0579056516289711,0.5763086676597595,0.5189517736434937,0.07003341615200043,0.5785471200942993,0.5460695624351501,-0.085779570043087,0.5836025476455688,0.5464162826538086,0.06598860770463943,0.5815316438674927,0.5626637935638428,-0.09568123519420624,0.5831201672554016,0.5548533201217651,0.06537391245365143,0.5810668468475342,0.5572233200073242,-0.0969836413860321,0.584426999092102,0.5511473417282104,0.06454337388277054,0.5798220038414001,0.5558896660804749,-0.08707311749458313,0.583454430103302,0.54814612865448,0.06528939306735992,0.5220507383346558,0.5088294148445129,-0.04511774331331253,0.5264406800270081,0.5166848301887512,0.04502181336283684,0.4831528663635254,0.4624079465866089,-0.039214663207530975,0.49076858162879944,0.46634405851364136,0.05840907618403435,0.45930686593055725,0.5310578942298889,-0.016759950667619705,0.462970495223999,0.5192883014678955,0.08591818064451218,0.46173304319381714,0.5525667667388916,-0.013157570734620094,0.4628771245479584,0.5360943078994751,0.08831383287906647,0.441530704498291,0.5373409986495972,-0.007652095519006252,0.44785356521606445,0.5135385990142822,0.08687469363212585
0334,./images/2/frame_00334.jpg,Fall,0.5719953775405884,0.4111386239528656,0.01265387050807476,0.575537383556366,0.4083298146724701,0.004835642408579588,0.5759444236755371,0.40853360295295715,0.004817941226065159,0.5762037038803101,0.4086524248123169,0.004783518146723509,0.5748518109321594,0.4093523323535919,0.016340792179107666,0.5755342245101929,0.41053974628448486,0.016356300562620163,0.5761715173721313,0.41145071387290955,0.016348300501704216,0.58042973279953,0.41782087087631226,-0.011827643029391766,0.581759512424469,0.42028671503067017,0.03616271913051605,0.5757985711097717,0.4249289929866791,0.007230241782963276,0.5772885084152222,0.42471200227737427,0.022540148347616196,0.5781332850456238,0.45858556032180786,-0.03727848082780838,0.5761157274246216,0.4586978554725647,0.06227214261889458,0.5778315663337708,0.5110924243927002,-0.0808749571442604,0.5747371912002563,0.5107420086860657,0.08031149953603745,0.5795140266418457,0.549874484539032,-0.12116354703903198,0.5831420421600342,0.5428966879844666,0.07101510465145111,0.5832763910293579,0.5720683932304382,-0.13524718582630157,0.5830329060554504,0.5526103973388672,0.06984303146600723,0.5814664959907532,0.5616625547409058,-0.13612385094165802,0.5844041109085083,0.5491150617599487,0.06755895912647247,0.5798959732055664,0.5573537945747375,-0.12266762554645538,0.5834181904792786,0.5459421277046204,0.06959947943687439,0.5226671695709229,0.513948380947113,-0.04905931279063225,0.5262001156806946,0.5104504823684692,0.04899955540895462,0.4830170273780823,0.46244508028030396,-0.05591823533177376,0.48966851830482483,0.4608323276042938,0.05836629867553711,0.45937395095825195,0.5323312878608704,-0.021007545292377472,0.46288537979125977,0.5137725472450256,0.08675096184015274,0.4616727828979492,0.5507771372795105,-0.0166085883975029,0.4630831182003021,0.5299860239028931,0.08853699266910553,0.44125232100486755,0.5398019552230835,-0.010644009336829185,0.4476338028907776,0.5124511122703552,0.0886608213186264
0335,./images/2/frame_00335.jpg,Fall,0.5700494050979614,0.40847495198249817,0.0009603911312296987,0.573621392250061,0.40533748269081116,-0.0066111087799072266,0.5743773579597473,0.4057970643043518,-0.006629107985645533,0.5749902129173279,0.4061356782913208,-0.006657856050878763,0.572979748249054,0.40562164783477783,0.00528428889811039,0.5735785961151123,0.4063012897968292,0.005302871577441692,0.5743001699447632,0.40691348910331726,0.005298955366015434,0.5803582072257996,0.41533100605010986,-0.022918179631233215,0.5817452073097229,0.4162902534008026,0.03304751589894295,0.5742599964141846,0.4223400056362152,-0.004311969969421625,0.5744191408157349,0.4209795594215393,0.01134350523352623,0.5781790614128113,0.4591362476348877,-0.048648253083229065,0.5740807056427002,0.4481944143772125,0.05668817088007927,0.5800589323043823,0.5123733282089233,-0.09093787521123886,0.5750164985656738,0.5056562423706055,0.06757603585720062,0.580886960029602,0.553399384021759,-0.12535308301448822,0.5831373333930969,0.5414454340934753,0.05629655718803406,0.584155797958374,0.570707380771637,-0.13918529450893402,0.5835263133049011,0.552801787853241,0.0540996678173542,0.5824292898178101,0.567287027835846,-0.139584481716156,0.5848940014839172,0.549528956413269,0.05762230232357979,0.5806369781494141,0.5611312389373779,-0.12649725377559662,0.5840797424316406,0.5461083650588989,0.05695449188351631,0.5235008001327515,0.5162099599838257,-0.049362197518348694,0.5261483788490295,0.5069736838340759,0.04930604249238968,0.48276057839393616,0.4624762237071991,-0.06218010187149048,0.48839086294174194,0.4564775228500366,0.05268260836601257,0.45953458547592163,0.533196210861206,-0.020645666867494583,0.46299415826797485,0.5134873390197754,0.08494971692562103,0.4620112478733063,0.5494795441627502,-0.015720998868346214,0.4645320475101471,0.5293117761611938,0.0868137925863266,0.44120460748672485,0.5430901646614075,-0.008512220345437527,0.44758206605911255,0.5123794674873352,0.08911921083927155
0336,./images/2/frame_00336.jpg,Fall,0.5692374110221863,0.40703433752059937,0.00254632206633687,0.5731275081634521,0.4037346839904785,-0.004914335440844297,0.5738272666931152,0.4041317105293274,-0.00492906803265214,0.5746333003044128,0.4047565460205078,-0.004958665929734707,0.5725888609886169,0.4039827883243561,0.005533174611628056,0.5731275081634521,0.40460920333862305,0.005544732324779034,0.5738024115562439,0.4052523672580719,0.0055344728752970695,0.5791990160942078,0.41392865777015686,-0.021391654387116432,0.5796674489974976,0.41439029574394226,0.02812163531780243,0.5739375352859497,0.4195970892906189,-0.002530379220843315,0.5738006830215454,0.41829508543014526,0.011224353685975075,0.5780331492424011,0.45807427167892456,-0.04333319514989853,0.5731573104858398,0.44601351022720337,0.05307158827781677,0.5803462266921997,0.5118997693061829,-0.07797028124332428,0.5755095481872559,0.5050318241119385,0.05247250199317932,0.5805487036705017,0.5533603429794312,-0.10898888111114502,0.5831335186958313,0.5416167378425598,0.024093294516205788,0.5836759805679321,0.568783700466156,-0.12186044454574585,0.5834351181983948,0.5532112717628479,0.01883547194302082,0.5822164416313171,0.5666676163673401,-0.12372573465108871,0.5847609043121338,0.5501350164413452,0.017741773277521133,0.5800307393074036,0.5614278316497803,-0.1108052134513855,0.5839890837669373,0.5467122197151184,0.022563304752111435,0.5235751867294312,0.516792893409729,-0.04871199652552605,0.5260632038116455,0.5062589645385742,0.04864080622792244,0.4826447367668152,0.46248844265937805,-0.060014136135578156,0.4878993630409241,0.45490261912345886,0.05195647478103638,0.45976051688194275,0.5336318016052246,-0.01914331689476967,0.46306005120277405,0.513132631778717,0.08216173946857452,0.46229761838912964,0.5487794876098633,-0.01427304558455944,0.46517935395240784,0.5282426476478577,0.08367927372455597,0.4418310523033142,0.5431671142578125,-0.00712865125387907,0.44770264625549316,0.5123623609542847,0.08591137826442719
0337,./images/2/frame_00337.jpg,Fall,0.5691684484481812,0.40703925490379333,-0.006063939072191715,0.5730752348899841,0.40307971835136414,-0.01404656283557415,0.5743216276168823,0.40330415964126587,-0.01406254805624485,0.5750719904899597,0.4038603901863098,-0.014092457480728626,0.5726615190505981,0.4034801423549652,-0.002188552636653185,0.5731883645057678,0.4041230380535126,-0.0021743483375757933,0.5752097368240356,0.4048427641391754,-0.00217669690027833,0.5791634321212769,0.4127684235572815,-0.031483717262744904,0.578814685344696,0.41344740986824036,0.02321014180779457,0.5737227201461792,0.4178811311721802,-0.011449036188423634,0.572494626045227,0.41851806640625,0.004233703948557377,0.5776915550231934,0.46031811833381653,-0.052679143846035004,0.5713123083114624,0.44455641508102417,0.051717281341552734,0.5805413126945496,0.5116387605667114,-0.09125164896249771,0.574931800365448,0.5021525621414185,0.07286307215690613,0.5803949236869812,0.5541883111000061,-0.1264237016439438,0.582128643989563,0.5389921069145203,0.07145070284605026,0.5833800435066223,0.5685455799102783,-0.14048948884010315,0.5827935934066772,0.5518039464950562,0.07113547623157501,0.5814887881278992,0.5678516626358032,-0.14098484814167023,0.5843073129653931,0.549311637878418,0.06737859547138214,0.5795508623123169,0.5621898770332336,-0.12769553065299988,0.5836499929428101,0.5455734133720398,0.06971235573291779,0.5235787630081177,0.5187152624130249,-0.04960937052965164,0.5255737900733948,0.5048722624778748,0.0495576336979866,0.4825843870639801,0.4626907408237457,-0.058644283562898636,0.48768478631973267,0.4534257650375366,0.056739598512649536,0.45973920822143555,0.5345770716667175,-0.017407624050974846,0.46333497762680054,0.5131056308746338,0.09327450394630432,0.46377262473106384,0.5540680885314941,-0.013476294465363026,0.4657630920410156,0.5279701352119446,0.09579257667064667,0.44176968932151794,0.544127881526947,-0.006180822849273682,0.44778209924697876,0.512229859828949,0.09989573806524277
0338,./images/2/frame_00338.jpg,Fall,0.5683258175849915,0.40578493475914,-0.006335638463497162,0.5719872713088989,0.40131238102912903,-0.014896148815751076,0.5727115869522095,0.40145057439804077,-0.014906520955264568,0.5733324289321899,0.401775062084198,-0.01492938119918108,0.5716971755027771,0.40180113911628723,-0.0025196359492838383,0.5721303224563599,0.4023630917072296,-0.002502761548385024,0.5731214284896851,0.40301403403282166,-0.002501194830983877,0.5775624513626099,0.41017162799835205,-0.03500879555940628,0.5771647691726685,0.4110625088214874,0.02181583270430565,0.570759654045105,0.41710031032562256,-0.012758178636431694,0.5704324245452881,0.41718605160713196,0.0036214436404407024,0.5771918296813965,0.46012458205223083,-0.05766185000538826,0.5705059766769409,0.44332918524742126,0.05072752758860588,0.5804088711738586,0.512249231338501,-0.10054431110620499,0.5752354264259338,0.5017746686935425,0.07461056113243103,0.5809146761894226,0.5544576644897461,-0.13927364349365234,0.5821596384048462,0.539158821105957,0.07719861716032028,0.5836232900619507,0.5724971890449524,-0.15399982035160065,0.5828357934951782,0.5516361594200134,0.07714883983135223,0.5817672610282898,0.5673235654830933,-0.15354129672050476,0.5842586755752563,0.548922598361969,0.07306773960590363,0.5798962712287903,0.5620744824409485,-0.14030581712722778,0.5835903882980347,0.5451323390007019,0.07536990940570831,0.5235584378242493,0.5189053416252136,-0.049804095178842545,0.5251073837280273,0.5043247938156128,0.04975498840212822,0.48253923654556274,0.4626784920692444,-0.06028927490115166,0.4878957271575928,0.45156753063201904,0.056590206921100616,0.4598585069179535,0.5354780554771423,-0.016517020761966705,0.4638639986515045,0.5122201442718506,0.0941796824336052,0.46496444940567017,0.5562436580657959,-0.013103234581649303,0.46736574172973633,0.526357889175415,0.09687097370624542,0.44186583161354065,0.5445417761802673,-0.0037604731041938066,0.448779433965683,0.5121067762374878,0.10211523622274399
0339,./images/2/frame_00339.jpg,Fall,0.5636794567108154,0.40522322058677673,-0.02584708109498024,0.5666933655738831,0.40050968527793884,-0.03516431897878647,0.5683190226554871,0.4000897705554962,-0.035170234739780426,0.5688806772232056,0.4003129005432129,-0.03519410640001297,0.5666021108627319,0.4007987678050995,-0.022036634385585785,0.5670240521430969,0.4011576771736145,-0.022015247493982315,0.568616509437561,0.4010949730873108,-0.022006182000041008,0.577172040939331,0.4095916748046875,-0.0576079860329628,0.5732913613319397,0.40788981318473816,0.002193873282521963,0.566272497177124,0.41579386591911316,-0.03309084102511406,0.5662875175476074,0.4153176546096802,-0.015796417370438576,0.5766350030899048,0.45942455530166626,-0.07856534421443939,0.5696074962615967,0.4404858946800232,0.030251245945692062,0.581922173500061,0.5107261538505554,-0.11767756938934326,0.5754165053367615,0.49710404872894287,0.06745217740535736,0.5823241472244263,0.5551555156707764,-0.15067389607429504,0.5819615721702576,0.5378621220588684,0.06815077364444733,0.5840680599212646,0.5739960670471191,-0.1658840924501419,0.5828335285186768,0.5498184561729431,0.06819431483745575,0.5819450616836548,0.567405641078949,-0.16553719341754913,0.5841791033744812,0.5472157001495361,0.06309899687767029,0.5803076028823853,0.5622075200080872,-0.15163734555244446,0.5834270715713501,0.5433574914932251,0.06598357111215591,0.5235058665275574,0.5187791585922241,-0.04963419958949089,0.5247021913528442,0.5022459030151367,0.04958818107843399,0.48230433464050293,0.46269097924232483,-0.06397426873445511,0.48802170157432556,0.4500645101070404,0.05636660382151604,0.4598608911037445,0.5365419387817383,-0.01634579710662365,0.4643738865852356,0.5121727585792542,0.09389592707157135,0.4631844162940979,0.5557820796966553,-0.012258818373084068,0.46855586767196655,0.5253003835678101,0.0966293141245842,0.4419168531894684,0.54474276304245,-0.0024246852844953537,0.44878214597702026,0.5120636820793152,0.10282418876886368
0340,./images/2/frame_00340.jpg,Fall,0.5599732398986816,0.4032122790813446,-0.03249409794807434,0.5626634955406189,0.3986973762512207,-0.042408015578985214,0.5633223652839661,0.3986203372478485,-0.042412348091602325,0.5639054775238037,0.39871373772621155,-0.0424342080950737,0.5626258254051208,0.3989112079143524,-0.02938803657889366,0.563106119632721,0.39921051263809204,-0.029364917427301407,0.5638698935508728,0.3992912173271179,-0.029353898018598557,0.574287474155426,0.40738219022750854,-0.06655197590589523,0.5721629858016968,0.40645331144332886,-0.007452290505170822,0.5620271563529968,0.4139584004878998,-0.0402073860168457,0.5622519254684448,0.413132905960083,-0.02307957410812378,0.5751340389251709,0.4589536786079407,-0.08695178478956223,0.5683276057243347,0.43917617201805115,0.020659159868955612,0.5814305543899536,0.5088955760002136,-0.1226147785782814,0.5764018297195435,0.49648967385292053,0.05534474924206734,0.5821849703788757,0.555039644241333,-0.1518143117427826,0.5819668173789978,0.5370992422103882,0.06282614171504974,0.5831509828567505,0.5732458233833313,-0.16687025129795074,0.5823941826820374,0.549490749835968,0.06265132129192352,0.5807980298995972,0.5678731799125671,-0.1663317233324051,0.5829834938049316,0.5468589067459106,0.057528115808963776,0.5796827077865601,0.5627784729003906,-0.1525692641735077,0.5821622610092163,0.5432285070419312,0.06062288209795952,0.522902250289917,0.5186130404472351,-0.0494220033288002,0.5244287252426147,0.5008471608161926,0.04936652630567551,0.4817933142185211,0.4629242420196533,-0.05982503294944763,0.4881095886230469,0.4477110207080841,0.05621427297592163,0.4597386419773102,0.537007212638855,-0.009301884099841118,0.4661511778831482,0.5116935968399048,0.09849221259355545,0.46236786246299744,0.5555461645126343,-0.003114291001111269,0.4705221652984619,0.5251978039741516,0.10197518765926361,0.44189366698265076,0.5444672703742981,0.006503875367343426,0.4488483965396881,0.5124537944793701,0.10971598327159882
0341,./images/2/frame_00341.jpg,Fall,0.5554497241973877,0.4036771059036255,-0.021228261291980743,0.5572096109390259,0.39902493357658386,-0.030773553997278214,0.5577252507209778,0.3990224301815033,-0.030785012990236282,0.5582859516143799,0.3990493714809418,-0.030808817595243454,0.5572401285171509,0.3993363380432129,-0.018702862784266472,0.5577676892280579,0.39955630898475647,-0.01867428794503212,0.5583880543708801,0.39961883425712585,-0.018668731674551964,0.566028356552124,0.4056377410888672,-0.054321229457855225,0.565743088722229,0.40535327792167664,0.00042793466127477586,0.5578138828277588,0.41356346011161804,-0.028760021552443504,0.558175265789032,0.41280415654182434,-0.012875151820480824,0.5747128129005432,0.4587305784225464,-0.07673127949237823,0.5681656002998352,0.4397159218788147,0.026637405157089233,0.5810635685920715,0.5077337026596069,-0.10993380844593048,0.5763779878616333,0.49834930896759033,0.052701108157634735,0.5815905332565308,0.5549041628837585,-0.13773269951343536,0.5819700956344604,0.5372852087020874,0.05796777456998825,0.581910252571106,0.5730201005935669,-0.15110647678375244,0.5823693871498108,0.5498984456062317,0.05864805728197098,0.5799120664596558,0.5687079429626465,-0.15051911771297455,0.5827682018280029,0.5467911958694458,0.05188583582639694,0.5786347985267639,0.5643238425254822,-0.1383020579814911,0.581913948059082,0.543423056602478,0.0552033968269825,0.5229240655899048,0.5185858011245728,-0.048064712435007095,0.5244126319885254,0.5015817880630493,0.04801202937960625,0.4816661775112152,0.4631383717060089,-0.06093396618962288,0.48856911063194275,0.4481661915779114,0.045655276626348495,0.4595264792442322,0.537500262260437,-0.009359940886497498,0.4664110541343689,0.5076671838760376,0.09229053556919098,0.4612193703651428,0.5541372895240784,-0.004292858764529228,0.4705943167209625,0.5216505527496338,0.09672616422176361,0.44036149978637695,0.5442950129508972,0.003910970874130726,0.4495534300804138,0.5104444026947021,0.1078694686293602
0342,./images/2/frame_00342.jpg,Fall,0.5501855611801147,0.40412071347236633,-0.02082456834614277,0.552595853805542,0.399425208568573,-0.030645418912172318,0.5530952215194702,0.3993799090385437,-0.03066117689013481,0.5536452531814575,0.3993132710456848,-0.030689990147948265,0.5527268648147583,0.39972347021102905,-0.018433568999171257,0.5533584952354431,0.3997988700866699,-0.018400413915514946,0.5540283918380737,0.3997207283973694,-0.018393924459815025,0.5606016516685486,0.40474843978881836,-0.05442673712968826,0.5620173215866089,0.40533167123794556,0.0013992717722430825,0.5531789660453796,0.41346442699432373,-0.028137560933828354,0.5535127520561218,0.412649542093277,-0.011957934126257896,0.5722440481185913,0.45848262310028076,-0.07454776018857956,0.5648255944252014,0.4375385344028473,0.029502863064408302,0.5781483054161072,0.5076826214790344,-0.11449626833200455,0.5703038573265076,0.4991048276424408,0.06864182651042938,0.5777227878570557,0.5549030900001526,-0.15387433767318726,0.5761650204658508,0.5339488387107849,0.09174515306949615,0.580111563205719,0.5696346759796143,-0.16802392899990082,0.5783005356788635,0.5440717339515686,0.09577532857656479,0.5786148309707642,0.5682018995285034,-0.1670036017894745,0.5783515572547913,0.5389281511306763,0.09042996913194656,0.5770217180252075,0.564041256904602,-0.15460863709449768,0.5773554444313049,0.5362614393234253,0.09012158215045929,0.5219851732254028,0.5185302495956421,-0.047906920313835144,0.5237654447555542,0.5018426775932312,0.0478707030415535,0.48166337609291077,0.46297889947891235,-0.06059938669204712,0.4897664487361908,0.44680142402648926,0.047876834869384766,0.4597904086112976,0.5367833971977234,-0.009293140843510628,0.4669322073459625,0.5053061842918396,0.0994434803724289,0.46110501885414124,0.5524978637695312,-0.002987315645441413,0.47147026658058167,0.5198025107383728,0.1039084792137146,0.4406636357307434,0.542252242565155,0.007511192467063665,0.45109257102012634,0.5063374042510986,0.11155388504266739
0343,./images/2/frame_00343.jpg,Fall,0.5466893911361694,0.404365211725235,-0.023135259747505188,0.5484570264816284,0.39966633915901184,-0.03317427635192871,0.5495851039886475,0.39923393726348877,-0.03318917006254196,0.5502297282218933,0.39893603324890137,-0.03321680426597595,0.5483548045158386,0.3999737501144409,-0.02103167399764061,0.5489155650138855,0.3999139666557312,-0.020990150049328804,0.5494747161865234,0.3997025489807129,-0.020978685468435287,0.5572055578231812,0.403017520904541,-0.05608733370900154,0.5566089749336243,0.40263715386390686,-0.0005393160972744226,0.5502421259880066,0.413091778755188,-0.029893387109041214,0.5501912832260132,0.4121846854686737,-0.013789008371531963,0.570918083190918,0.45673561096191406,-0.07458571344614029,0.5622849464416504,0.43474334478378296,0.02792464755475521,0.577178955078125,0.5046277642250061,-0.12100376933813095,0.5693202614784241,0.499294251203537,0.06447520852088928,0.5779930353164673,0.5530090928077698,-0.17069098353385925,0.5761504769325256,0.534943163394928,0.07416564971208572,0.5800589323043823,0.5649017095565796,-0.18685221672058105,0.578484296798706,0.5455766320228577,0.07486661523580551,0.5785046815872192,0.5649212598800659,-0.18503287434577942,0.578680694103241,0.5408332347869873,0.07076743245124817,0.5766682624816895,0.5605928897857666,-0.17144855856895447,0.5775273442268372,0.5379191637039185,0.07248963415622711,0.5213412642478943,0.5185312628746033,-0.04751504957675934,0.5226032137870789,0.5022081732749939,0.04747848957777023,0.4815182089805603,0.4618449807167053,-0.050256259739398956,0.4897828996181488,0.44467365741729736,0.058295100927352905,0.4600302278995514,0.5361965894699097,-0.00039973336970433593,0.46988439559936523,0.5006688237190247,0.10144037008285522,0.4613301753997803,0.5510708689689636,0.006320922635495663,0.4729676842689514,0.5152488946914673,0.10543882846832275,0.44156140089035034,0.5422376394271851,0.017179494723677635,0.4519112706184387,0.5051410794258118,0.11154989153146744
0344,./images/2/frame_00344.jpg,Fall,0.5433298349380493,0.40570372343063354,-0.01768908090889454,0.5451757907867432,0.40023279190063477,-0.02726881206035614,0.5460516810417175,0.39963793754577637,-0.027283091098070145,0.5469207167625427,0.39903751015663147,-0.027312899008393288,0.5446389317512512,0.40013325214385986,-0.01548487413674593,0.5450578331947327,0.4001986086368561,-0.0154534000903368,0.5455004572868347,0.4001583158969879,-0.015447938814759254,0.5543540716171265,0.402629017829895,-0.050933629274368286,0.5521045923233032,0.402580589056015,0.001107063959352672,0.5471044778823853,0.4133315086364746,-0.024533892050385475,0.5462440252304077,0.41264796257019043,-0.008952668868005276,0.5688839554786682,0.4564005434513092,-0.07407058030366898,0.5588774681091309,0.43706977367401123,0.03504209220409393,0.5762696266174316,0.503007173538208,-0.11117836087942123,0.561290979385376,0.4957793354988098,0.07742567360401154,0.5781062841415405,0.5530128479003906,-0.15444117784500122,0.569465160369873,0.5258392691612244,0.09387664496898651,0.5801824927330017,0.5646861791610718,-0.16908377408981323,0.5724878311157227,0.5348595380783081,0.09777641296386719,0.5778995156288147,0.5646476745605469,-0.167742520570755,0.5726460814476013,0.528559684753418,0.09194505214691162,0.5759336948394775,0.5603991150856018,-0.15516319870948792,0.5715285539627075,0.5261727571487427,0.09208560734987259,0.5209617614746094,0.5190300941467285,-0.04715392738580704,0.5208082795143127,0.5020865201950073,0.04713721573352814,0.4814687669277191,0.46181318163871765,-0.0551472008228302,0.4898184835910797,0.44380149245262146,0.053033292293548584,0.4605146050453186,0.5357164144515991,-0.00298040802590549,0.46976837515830994,0.4998754858970642,0.09144739806652069,0.461945116519928,0.5511918663978577,0.00425299908965826,0.4726347029209137,0.5144796371459961,0.0951121523976326,0.4416675567626953,0.5448802709579468,0.016890276223421097,0.45198503136634827,0.5054231286048889,0.09903466701507568
0345,./images/2/frame_00345.jpg,Fall,0.5415776968002319,0.4066069722175598,-0.03577582910656929,0.5431736707687378,0.40036091208457947,-0.044693224132061005,0.5438387989997864,0.39983025193214417,-0.04471127316355705,0.5445913672447205,0.3993098735809326,-0.04474962502717972,0.5426544547080994,0.4002484977245331,-0.03307478129863739,0.543163001537323,0.4004562795162201,-0.03303816169500351,0.5436895489692688,0.4004479646682739,-0.03302336856722832,0.5518172979354858,0.40193289518356323,-0.06389317661523819,0.5503864288330078,0.4021863341331482,-0.010598326101899147,0.5453507900238037,0.41343531012535095,-0.04143627732992172,0.5449481010437012,0.4128798544406891,-0.025962045416235924,0.5674808025360107,0.44974762201309204,-0.07864551246166229,0.556681752204895,0.43477457761764526,0.01851123943924904,0.575491189956665,0.5026683211326599,-0.11335238069295883,0.5626477599143982,0.493502676486969,0.05159453675150871,0.5782026648521423,0.5542318224906921,-0.14875182509422302,0.5705708265304565,0.5257391929626465,0.05771590396761894,0.5810806751251221,0.5649064183235168,-0.16283714771270752,0.573296308517456,0.5346723198890686,0.0575730986893177,0.5780259370803833,0.5650853514671326,-0.1633261740207672,0.573479175567627,0.5296055674552917,0.05222419649362564,0.5761193037033081,0.5610966682434082,-0.15005172789096832,0.5723885297775269,0.5273132920265198,0.05566047877073288,0.5194534063339233,0.5200198292732239,-0.046468429267406464,0.5198615193367004,0.5017985105514526,0.046455636620521545,0.481270968914032,0.46229901909828186,-0.05370981618762016,0.4897242486476898,0.4426930844783783,0.05401358753442764,0.4598510265350342,0.535554826259613,0.00587599677965045,0.46975645422935486,0.500477135181427,0.10141416639089584,0.46150654554367065,0.5512539148330688,0.013617673888802528,0.47277718782424927,0.5149638056755066,0.10594749450683594,0.4417348802089691,0.5466881990432739,0.023188669234514236,0.45191293954849243,0.5052724480628967,0.10919773578643799
0346,./images/2/frame_00346.jpg,Fall,0.5381298065185547,0.40797626972198486,-0.053585268557071686,0.5392481088638306,0.40206247568130493,-0.06272363662719727,0.539863646030426,0.4015434682369232,-0.06274224072694778,0.540577232837677,0.4009588956832886,-0.06279052793979645,0.5391032099723816,0.4014512896537781,-0.05125022679567337,0.5396275520324707,0.401128351688385,-0.05121639370918274,0.5401536226272583,0.4007107615470886,-0.051195502281188965,0.5515304803848267,0.4026084840297699,-0.08081606775522232,0.5464916825294495,0.40257754921913147,-0.02813665010035038,0.5413540601730347,0.41363173723220825,-0.05860329791903496,0.5408859848976135,0.4130809009075165,-0.04336850345134735,0.5644242167472839,0.4502720236778259,-0.09124401956796646,0.5547228455543518,0.43269050121307373,0.00248974678106606,0.5725075006484985,0.5022892355918884,-0.12352895736694336,0.5630083084106445,0.49007508158683777,0.03419521823525429,0.5783063173294067,0.5547279715538025,-0.15425822138786316,0.5716835260391235,0.5244684219360352,0.04054609313607216,0.5813395380973816,0.5649850368499756,-0.16855821013450623,0.5743231177330017,0.533492386341095,0.039981428533792496,0.5780466794967651,0.5650847554206848,-0.17040829360485077,0.5744757056236267,0.5292205810546875,0.035034023225307465,0.5763837099075317,0.5613341331481934,-0.1559813916683197,0.573297917842865,0.5270307064056396,0.03869834914803505,0.5183331966400146,0.5203637480735779,-0.04617280513048172,0.5191836357116699,0.5013509392738342,0.046171076595783234,0.4801167845726013,0.465667724609375,-0.05290912464261055,0.48940786719322205,0.4421214163303375,0.0557284839451313,0.45965227484703064,0.5361672639846802,0.007069021463394165,0.46952253580093384,0.5009908676147461,0.11119526624679565,0.4611361622810364,0.5522882342338562,0.01471494697034359,0.4725953936576843,0.5152992010116577,0.11648596823215485,0.44174662232398987,0.5482176542282104,0.023778844624757767,0.4518803656101227,0.5061391592025757,0.12071235477924347
0347,./images/2/frame_00347.jpg,Fall,0.535689651966095,0.41052666306495667,-0.05406925827264786,0.5368648767471313,0.4043824374675751,-0.062455009669065475,0.5375086069107056,0.40393421053886414,-0.06247770041227341,0.5382512211799622,0.40345269441604614,-0.06252968311309814,0.536564826965332,0.40342840552330017,-0.05165589973330498,0.5369802713394165,0.40259966254234314,-0.05162119120359421,0.5374246835708618,0.401751846075058,-0.05160316079854965,0.548721432685852,0.40286627411842346,-0.07727695256471634,0.543424129486084,0.4025398790836334,-0.027842510491609573,0.5385344624519348,0.41475528478622437,-0.05791585519909859,0.537838339805603,0.4133611023426056,-0.04365083947777748,0.5606184601783752,0.4463441073894501,-0.08772966265678406,0.5524396896362305,0.4313085675239563,0.0022510758135467768,0.5696015357971191,0.5004090070724487,-0.11781080812215805,0.5629527568817139,0.4888354539871216,0.01613718643784523,0.577189564704895,0.5547254681587219,-0.15170776844024658,0.5721004009246826,0.5257773995399475,-0.0034701679833233356,0.5803182721138,0.5642979145050049,-0.16592177748680115,0.5746763348579407,0.5351538062095642,-0.008458382450044155,0.5779914855957031,0.5648412704467773,-0.1651175320148468,0.5749326348304749,0.5312252640724182,-0.012027999386191368,0.5758148431777954,0.5613098740577698,-0.15486423671245575,0.5737586617469788,0.5289039611816406,-0.0056579383090138435,0.517385721206665,0.5205799341201782,-0.04527745395898819,0.5184727907180786,0.5015015006065369,0.04525155946612358,0.47957736253738403,0.46562638878822327,-0.04836707562208176,0.48893165588378906,0.4424564242362976,0.056728966534137726,0.4585391581058502,0.5398436784744263,0.01206901390105486,0.4695266783237457,0.4999605715274811,0.11284764111042023,0.4618681073188782,0.5564948320388794,0.019717128947377205,0.47262126207351685,0.5139349102973938,0.11797728389501572,0.4414426386356354,0.5491030812263489,0.027565080672502518,0.45172983407974243,0.5056473016738892,0.12072672694921494
0348,./images/2/frame_00348.jpg,Fall,0.5396266579627991,0.40937691926956177,-0.08056049048900604,0.5415876507759094,0.40155521035194397,-0.08580783754587173,0.5423217415809631,0.4013882875442505,-0.08586356043815613,0.5430675745010376,0.40119680762290955,-0.08595684170722961,0.5408825874328613,0.40077582001686096,-0.07974545657634735,0.5400839447975159,0.40034157037734985,-0.07971742004156113,0.5399692058563232,0.40007027983665466,-0.07971183955669403,0.5484507083892822,0.40090882778167725,-0.09168091416358948,0.54454505443573,0.39999842643737793,-0.06346197426319122,0.5417969226837158,0.4143388569355011,-0.08090538531541824,0.5396324396133423,0.4121384024620056,-0.0727362260222435,0.556524932384491,0.4390045702457428,-0.09654702246189117,0.5452015399932861,0.4301953911781311,-0.03677685931324959,0.5658390522003174,0.49540480971336365,-0.1147003024816513,0.5511015057563782,0.48120859265327454,-0.03964095562696457,0.5748735666275024,0.5533580183982849,-0.13932812213897705,0.5584061145782471,0.5161728858947754,-0.08180227875709534,0.5790339708328247,0.5620526075363159,-0.15343061089515686,0.5602594614028931,0.5243889093399048,-0.09280337393283844,0.5765485763549805,0.563349187374115,-0.16162848472595215,0.5612971782684326,0.5192689299583435,-0.09696929156780243,0.5747526288032532,0.5607103109359741,-0.14376556873321533,0.5603467226028442,0.5177382826805115,-0.08499500155448914,0.515073835849762,0.5129899382591248,-0.03762048855423927,0.5137462615966797,0.5006989240646362,0.0375397764146328,0.47750115394592285,0.46638762950897217,-0.019886817783117294,0.487708181142807,0.4476635456085205,0.06814710795879364,0.4574611783027649,0.5365515947341919,0.05160202458500862,0.46869510412216187,0.4961857795715332,0.14118562638759613,0.4611479341983795,0.550150454044342,0.06020408868789673,0.4704410135746002,0.5067721605300903,0.14850997924804688,0.4414883255958557,0.5477530360221863,0.05934293940663338,0.45103779435157776,0.5031784772872925,0.14460602402687073
0349,./images/2/frame_00349.jpg,Fall,0.5412955284118652,0.41151249408721924,-0.11025520414113998,0.5437524318695068,0.4043799042701721,-0.11144806444644928,0.5445694327354431,0.404556006193161,-0.11149077117443085,0.5453701019287109,0.40474608540534973,-0.11157921701669693,0.5422707796096802,0.4031270444393158,-0.11011108011007309,0.5415705442428589,0.40238699316978455,-0.11011936515569687,0.5410223007202148,0.4017239511013031,-0.11013953387737274,0.5488883256912231,0.4037911593914032,-0.09282003343105316,0.5415655970573425,0.40066829323768616,-0.08552217483520508,0.5424104332923889,0.4163650870323181,-0.10056550800800323,0.539827287197113,0.41445600986480713,-0.0985865443944931,0.5549501180648804,0.4406490623950958,-0.08213824033737183,0.5308053493499756,0.4231437146663666,-0.051801107823848724,0.5623751282691956,0.49490097165107727,-0.07388167828321457,0.5176222920417786,0.4528018534183502,-0.060027360916137695,0.5714361071586609,0.5501941442489624,-0.10132700204849243,0.5168408751487732,0.49129050970077515,-0.10537248849868774,0.578201413154602,0.5559622645378113,-0.11186189949512482,0.5155519843101501,0.5014439225196838,-0.1171656996011734,0.5754693150520325,0.5613327026367188,-0.12399771064519882,0.5191523432731628,0.4997740089893341,-0.12435726076364517,0.572671115398407,0.5583435297012329,-0.10717707872390747,0.5196195840835571,0.4979521334171295,-0.10946305841207504,0.5132373571395874,0.511622965335846,-0.029076164588332176,0.5068784952163696,0.49721619486808777,0.029034409672021866,0.47947996854782104,0.4657627046108246,-0.02702765166759491,0.4865511953830719,0.4482671618461609,0.053204458206892014,0.45678991079330444,0.5305941104888916,0.051440078765153885,0.4659391939640045,0.49748945236206055,0.14207100868225098,0.45881739258766174,0.5438451170921326,0.0601518452167511,0.46642765402793884,0.5084191560745239,0.1509481817483902,0.4417950212955475,0.5373519659042358,0.04798430949449539,0.4488352835178375,0.5017849802970886,0.13909748196601868
0350,./images/2/frame_00350.jpg,Fall,0.5357668399810791,0.4113949239253998,-0.07726214081048965,0.5382879376411438,0.40456822514533997,-0.08108706772327423,0.539181113243103,0.4047110974788666,-0.08111802488565445,0.5400635600090027,0.4048631489276886,-0.0811862200498581,0.5367085337638855,0.4033387005329132,-0.07598448544740677,0.5363824367523193,0.4025801420211792,-0.0759832113981247,0.5360621809959412,0.40186282992362976,-0.07599750906229019,0.5441713333129883,0.403839647769928,-0.0812925472855568,0.5383795499801636,0.4010230302810669,-0.05252319574356079,0.536645770072937,0.4136916399002075,-0.0734676644206047,0.5356571078300476,0.4147055745124817,-0.06657645851373672,0.5527917146682739,0.4379383623600006,-0.06719939410686493,0.5350034832954407,0.42347657680511475,-0.019814010709524155,0.5614022016525269,0.4945923388004303,-0.061183780431747437,0.524164080619812,0.453774094581604,-0.02907842956483364,0.5699852705001831,0.5488461852073669,-0.07439524680376053,0.5172345638275146,0.4841792583465576,-0.08479315042495728,0.5771674513816833,0.557248592376709,-0.08208528161048889,0.5146358609199524,0.49148833751678467,-0.0936996340751648,0.5757123827934265,0.5614720582962036,-0.09209571033716202,0.5165224075317383,0.4896446764469147,-0.10199572145938873,0.573318600654602,0.5584321618080139,-0.07908520847558975,0.5174663662910461,0.48880526423454285,-0.08976954966783524,0.5136682987213135,0.5124367475509644,-0.03416771814227104,0.5102940797805786,0.4987488090991974,0.034109704196453094,0.47952884435653687,0.4617808163166046,-0.029482707381248474,0.48911339044570923,0.44682639837265015,0.05389728397130966,0.4563450217247009,0.5269163846969604,0.013548247516155243,0.46786755323410034,0.4982509911060333,0.10999853909015656,0.45874279737472534,0.5409111380577087,0.01914319582283497,0.46753740310668945,0.5096666812896729,0.11416985094547272,0.44165343046188354,0.531612753868103,0.008385052904486656,0.45015573501586914,0.5009793043136597,0.10160882771015167
0351,./images/2/frame_00351.jpg,Fall,0.5387545824050903,0.4077259600162506,0.03293590620160103,0.5406594276428223,0.3991378843784332,0.024615280330181122,0.5406031012535095,0.39821723103523254,0.024607498198747635,0.540311872959137,0.3972764313220978,0.024562042206525803,0.5393250584602356,0.4010589122772217,0.02287384122610092,0.5378891229629517,0.40126457810401917,0.022857263684272766,0.5364688634872437,0.4013558626174927,0.02280779369175434,0.5396052598953247,0.39668264985084534,-0.003419530810788274,0.5432666540145874,0.4012675881385803,-0.01200740784406662,0.5387009382247925,0.4103160798549652,0.02469705417752266,0.539219081401825,0.41283276677131653,0.02244681492447853,0.5334373712539673,0.4220995306968689,-0.020826485008001328,0.5453392267227173,0.4324914813041687,-0.019205739721655846,0.5410231351852417,0.48219630122184753,-0.018336186185479164,0.5594552159309387,0.4851076304912567,-0.0448392815887928,0.5580219030380249,0.5313124656677246,-0.014529231004416943,0.5680806040763855,0.546258270740509,-0.0752159059047699,0.563578724861145,0.5359141230583191,-0.01869417540729046,0.5728262066841125,0.5560928583145142,-0.08503494411706924,0.5661260485649109,0.5408177375793457,-0.023741258308291435,0.5742262005805969,0.555560827255249,-0.08144060522317886,0.5637824535369873,0.5405352115631104,-0.017383482307195663,0.5711474418640137,0.5518308281898499,-0.07527752965688705,0.5082307457923889,0.507533609867096,-0.028640378266572952,0.5118690729141235,0.5121216773986816,0.02848370373249054,0.4794039726257324,0.4634987711906433,-0.008685415610671043,0.49189433455467224,0.4530208110809326,0.06054454296827316,0.456510066986084,0.5282336473464966,-0.006486182101070881,0.46874991059303284,0.5034975409507751,0.08802644908428192,0.45675650238990784,0.5418044924736023,-0.005728452000766993,0.46829771995544434,0.512844979763031,0.09003894776105881,0.43405094742774963,0.5323565006256104,-0.012754587456583977,0.4499437212944031,0.5065707564353943,0.08548726886510849
0352,./images/2/frame_00352.jpg,Fall,0.5342050790786743,0.4077743589878082,-0.08295125514268875,0.5366157293319702,0.39958715438842773,-0.08411355316638947,0.5376579165458679,0.39886754751205444,-0.0841468796133995,0.5386207699775696,0.3980958163738251,-0.08422764390707016,0.5340253710746765,0.4006452262401581,-0.07919158786535263,0.5331447720527649,0.40050265192985535,-0.07920925319194794,0.5322679281234741,0.4002559185028076,-0.07922686636447906,0.5419006943702698,0.3981691896915436,-0.06669916957616806,0.5342850685119629,0.39881786704063416,-0.046144045889377594,0.5363371968269348,0.4106152355670929,-0.07523816078901291,0.5336309671401978,0.4129772484302521,-0.06861184537410736,0.5383269190788269,0.4300343096256256,-0.036637283861637115,0.5271492004394531,0.42368820309638977,-0.012997088953852654,0.5468488931655884,0.48540499806404114,-0.059761058539152145,0.5110033750534058,0.4531664550304413,-0.018760066479444504,0.5646570920944214,0.5346106290817261,-0.07370739430189133,0.5036290287971497,0.47322726249694824,-0.07522125542163849,0.5671936273574829,0.5468145608901978,-0.0811835378408432,0.5011941194534302,0.47776734828948975,-0.0821325033903122,0.5687124133110046,0.5521093606948853,-0.09004655480384827,0.5029677152633667,0.47417721152305603,-0.09130045026540756,0.567625105381012,0.5464199781417847,-0.07771114259958267,0.5043207406997681,0.4742613136768341,-0.08050031960010529,0.5141198635101318,0.5131749510765076,-0.032160304486751556,0.5098553895950317,0.5104302167892456,0.03204699605703354,0.4794474244117737,0.46915945410728455,-0.04701906442642212,0.4888242781162262,0.45188674330711365,0.03519299253821373,0.4567016065120697,0.5294772386550903,0.010665434412658215,0.467632532119751,0.5042848587036133,0.07799398899078369,0.45733895897865295,0.54197096824646,0.01824798993766308,0.46831998229026794,0.5149351954460144,0.08197538554668427,0.4386271834373474,0.5334552526473999,0.003619325812906027,0.4473053514957428,0.5113300085067749,0.06603537499904633
0353,./images/2/frame_00353.jpg,Fall,0.532693088054657,0.40566256642341614,-0.02260354906320572,0.5332778692245483,0.3957073986530304,-0.030940022319555283,0.5332422852516174,0.39463919401168823,-0.03096756897866726,0.5331895351409912,0.3935829699039459,-0.03104529157280922,0.5337725877761841,0.39760076999664307,-0.02834472991526127,0.5340306758880615,0.3978367745876312,-0.028331521898508072,0.5342748165130615,0.3980483114719391,-0.028354445472359657,0.5347813367843628,0.39213311672210693,-0.053357429802417755,0.5370749235153198,0.3977580666542053,-0.03999549522995949,0.533605694770813,0.40947383642196655,-0.029076743870973587,0.5338441729545593,0.4119238555431366,-0.025290321558713913,0.5388346910476685,0.42273661494255066,-0.04593291133642197,0.5302904844284058,0.432800829410553,-0.022853480651974678,0.5494887232780457,0.48340123891830444,-0.06501162052154541,0.5555343627929688,0.49329689145088196,-0.03382177650928497,0.5656476020812988,0.5394748449325562,-0.07532166689634323,0.5643433332443237,0.5392343401908875,-0.06856650114059448,0.567502498626709,0.5485451817512512,-0.08591201156377792,0.567854106426239,0.5528132915496826,-0.07837997376918793,0.5680031776428223,0.5531240105628967,-0.09280217438936234,0.5653330087661743,0.5447454452514648,-0.08015673607587814,0.5655676126480103,0.5496014356613159,-0.07918348908424377,0.5646179914474487,0.5422114729881287,-0.07083822041749954,0.5129835605621338,0.5133582949638367,-0.032846998423337936,0.5152735114097595,0.514961302280426,0.03295832499861717,0.477039635181427,0.4722091555595398,-0.03949570655822754,0.4912678599357605,0.4511753022670746,0.0743776187300682,0.45680585503578186,0.5330283641815186,0.01086051668971777,0.4690609872341156,0.5039757490158081,0.11712843179702759,0.4576273560523987,0.5467990040779114,0.018000353127717972,0.4702298641204834,0.5145230293273926,0.12076298892498016,0.438816636800766,0.5370115637779236,0.008160324767231941,0.4505177438259125,0.5075917840003967,0.11524392664432526
0354,./images/2/frame_00354.jpg,Fall,0.5320714712142944,0.4026336669921875,0.018604058772325516,0.5326718091964722,0.39276444911956787,0.008178183808922768,0.532002329826355,0.3887143135070801,0.008166133426129818,0.5317631959915161,0.39060723781585693,0.008105332963168621,0.5344765782356262,0.3951405882835388,0.010449258610606194,0.535197377204895,0.3956703543663025,0.010446016676723957,0.5358883738517761,0.39622798562049866,0.01040890533477068,0.5327673554420471,0.3902910053730011,-0.02804088220000267,0.5392493009567261,0.39485904574394226,-0.0173147264868021,0.531951367855072,0.4068666696548462,0.007362150587141514,0.5335991978645325,0.40949547290802,0.010742493905127048,0.5321633815765381,0.4190622568130493,-0.046407245099544525,0.5469307899475098,0.43277570605278015,-0.019661759957671165,0.5432745814323425,0.4816710948944092,-0.04810487478971481,0.5659092664718628,0.4968239665031433,-0.026291374117136,0.5548396706581116,0.5384122729301453,-0.0507824532687664,0.5698983073234558,0.5476953983306885,-0.0399988517165184,0.5586066842079163,0.546807050704956,-0.05838558077812195,0.5737879872322083,0.5614920854568481,-0.046066321432590485,0.5597431659698486,0.5507326126098633,-0.06308010965585709,0.5734468102455139,0.5606112480163574,-0.041988473385572433,0.5578810572624207,0.5489199161529541,-0.05382639914751053,0.5724917054176331,0.5539578795433044,-0.039060793817043304,0.5099520087242126,0.5131551027297974,-0.03413011506199837,0.5187941789627075,0.5182498693466187,0.03406524285674095,0.4750335216522217,0.47449955344200134,-0.02175152115523815,0.49116507172584534,0.4507785439491272,0.0847594290971756,0.45656293630599976,0.5364373326301575,0.016600921750068665,0.4718320965766907,0.5034650564193726,0.1292288601398468,0.4574362337589264,0.550370991230011,0.02179589867591858,0.47322186827659607,0.5134740471839905,0.13331934809684753,0.4389284551143646,0.5388338565826416,0.017808793112635612,0.45106491446495056,0.5074725151062012,0.1332015097141266
0355,./images/2/frame_00355.jpg,Fall,0.5300180315971375,0.402002215385437,0.015970459207892418,0.5305193662643433,0.3928540050983429,0.005251171998679638,0.5300266146659851,0.39073872566223145,0.0052429684437811375,0.5296138525009155,0.3910892605781555,0.005184184294193983,0.532719612121582,0.39484015107154846,0.009084518998861313,0.5337260961532593,0.39531585574150085,0.009080370888113976,0.5347316265106201,0.39584752917289734,0.009040353819727898,0.5296145081520081,0.3912670612335205,-0.03155481070280075,0.5386497378349304,0.3942800760269165,-0.013703915290534496,0.5304145812988281,0.40674352645874023,0.004270350560545921,0.5323709845542908,0.40892186760902405,0.009661546908318996,0.5323100090026855,0.42180299758911133,-0.051481228321790695,0.5519594550132751,0.4331056475639343,-0.016431670635938644,0.5423468351364136,0.48346006870269775,-0.05105017498135567,0.5685722231864929,0.49671998620033264,-0.019384024664759636,0.5535951852798462,0.5378657579421997,-0.049159884452819824,0.5706923007965088,0.547723114490509,-0.02129029668867588,0.5574871301651001,0.5458325743675232,-0.05719036981463432,0.5744143724441528,0.560203492641449,-0.026557061821222305,0.5585848093032837,0.5488229393959045,-0.06163732334971428,0.5749890208244324,0.558853030204773,-0.025166476145386696,0.5569530725479126,0.5474749803543091,-0.05207029730081558,0.5748311281204224,0.5523361563682556,-0.02172738127410412,0.5101733803749084,0.5135696530342102,-0.03478163108229637,0.5212422609329224,0.519727349281311,0.03475154936313629,0.47543996572494507,0.4730145037174225,-0.019687900319695473,0.4927968978881836,0.4504389762878418,0.08830145746469498,0.45643359422683716,0.537202000617981,0.016065143048763275,0.4724671244621277,0.5049063563346863,0.13762851059436798,0.45744433999061584,0.5516233444213867,0.02134918048977852,0.4743734300136566,0.5156769156455994,0.14219065010547638,0.4367804527282715,0.5389507412910461,0.017833532765507698,0.4511464536190033,0.5087220072746277,0.14329946041107178
0356,./images/2/frame_00356.jpg,Fall,0.5311703085899353,0.40100377798080444,0.029337069019675255,0.5316609144210815,0.3918769359588623,0.02021743543446064,0.5311828851699829,0.3905312716960907,0.020211076363921165,0.5307242274284363,0.39008620381355286,0.020156992599368095,0.5336702466011047,0.3942111134529114,0.021106621250510216,0.5344913005828857,0.3948129117488861,0.02109294757246971,0.5353427529335022,0.39546898007392883,0.021049456670880318,0.531089186668396,0.3909251391887665,-0.012711646966636181,0.5384258031845093,0.3947364389896393,-0.007601605262607336,0.5309184789657593,0.4058015048503876,0.019153492525219917,0.5326430797576904,0.4081701636314392,0.020739721134305,0.5290865302085876,0.41931694746017456,-0.03237096220254898,0.5512319803237915,0.4334550201892853,-0.01714281179010868,0.5372118353843689,0.48084181547164917,-0.035993196070194244,0.5641416311264038,0.5038369297981262,-0.018873756751418114,0.5449507236480713,0.5294265151023865,-0.04112766683101654,0.5697022080421448,0.5482437610626221,-0.009672418236732483,0.547390341758728,0.5367884635925293,-0.047528401017189026,0.5738164186477661,0.5610857009887695,-0.013118276372551918,0.5487529635429382,0.5379897356033325,-0.050627849996089935,0.5745257139205933,0.5593751072883606,-0.010311233811080456,0.5477282404899597,0.5369388461112976,-0.04350797086954117,0.5739039182662964,0.5550388097763062,-0.009005395695567131,0.5085694193840027,0.5129072666168213,-0.03136605769395828,0.5206268429756165,0.5194811224937439,0.03117952309548855,0.47560325264930725,0.4722011983394623,-0.004814423155039549,0.49479809403419495,0.45196083188056946,0.07933414727449417,0.45576056838035583,0.5369434356689453,0.015637125819921494,0.47548824548721313,0.5059287548065186,0.11165652424097061,0.45700159668922424,0.5514311194419861,0.01970750465989113,0.47741928696632385,0.516463577747345,0.11389856040477753,0.4364725649356842,0.5380638241767883,0.016507739201188087,0.4545566141605377,0.510823667049408,0.11756125837564468
0357,./images/2/frame_00357.jpg,Fall,0.5309053063392639,0.4010559618473053,-0.028901714831590652,0.5311170816421509,0.3918120861053467,-0.034145038574934006,0.5308791399002075,0.39080458879470825,-0.03416598588228226,0.5306559801101685,0.3902305066585541,-0.03424004465341568,0.5322463512420654,0.39366939663887024,-0.03451231122016907,0.5326994061470032,0.3940935730934143,-0.03453836217522621,0.5331656336784363,0.3945770263671875,-0.03458266705274582,0.5313201546669006,0.3906244933605194,-0.047993388026952744,0.5349923372268677,0.39506086707115173,-0.04795388504862785,0.5311471819877625,0.4062374234199524,-0.032134853303432465,0.5319716334342957,0.40819358825683594,-0.032195672392845154,0.5340222716331482,0.4218597114086151,-0.05694606900215149,0.5429267287254333,0.43382728099823,-0.03806962072849274,0.5446562170982361,0.48297643661499023,-0.046853285282850266,0.553045928478241,0.5003779530525208,-0.04773661866784096,0.5548188090324402,0.5356303453445435,-0.059046149253845215,0.560266375541687,0.527725875377655,-0.075412817299366,0.5547246932983398,0.5413613319396973,-0.06655187904834747,0.5622997283935547,0.5354146957397461,-0.08429797738790512,0.5532230734825134,0.5431200265884399,-0.05589442327618599,0.5622135400772095,0.5288730263710022,-0.08442040532827377,0.5513640642166138,0.5371033549308777,-0.05893825739622116,0.5617377758026123,0.5270339846611023,-0.07684847712516785,0.5096328258514404,0.5129260420799255,-0.029124345630407333,0.5205323100090027,0.5174574255943298,0.028887221589684486,0.47462788224220276,0.47204941511154175,-0.009197699837386608,0.493258535861969,0.44876542687416077,0.05731616169214249,0.4558667540550232,0.536902129650116,0.023988742381334305,0.47506290674209595,0.5062374472618103,0.07689087092876434,0.457072913646698,0.5516889691352844,0.028553728014230728,0.4773053526878357,0.516747236251831,0.0787121132016182,0.4366837441921234,0.5388373732566833,0.02208065055310726,0.4550909399986267,0.5161187648773193,0.07141447812318802
0358,./images/2/frame_00358.jpg,Fall,0.5245939493179321,0.4015094041824341,-0.04314550757408142,0.5259978175163269,0.3924368917942047,-0.04859185218811035,0.5264512896537781,0.39103615283966064,-0.04860202223062515,0.5268917083740234,0.3904811143875122,-0.04866849631071091,0.5258380174636841,0.39417460560798645,-0.04242938011884689,0.5260937809944153,0.3944220542907715,-0.04245387762784958,0.5263402462005615,0.3946716785430908,-0.0424838624894619,0.5306901931762695,0.3910571336746216,-0.05873427912592888,0.5303031206130981,0.395121306180954,-0.04380203038454056,0.5268479585647583,0.40639910101890564,-0.04555145651102066,0.5263577699661255,0.4084968864917755,-0.037401579320430756,0.5368082523345947,0.4291537404060364,-0.06540369242429733,0.5336907505989075,0.428610622882843,-0.014717874117195606,0.5507424473762512,0.4912774860858917,-0.06576458364725113,0.5284695625305176,0.47198888659477234,-0.034371621906757355,0.5616396069526672,0.5432541966438293,-0.06568756699562073,0.5314416885375977,0.4784645140171051,-0.0870354026556015,0.5661009550094604,0.5475692749023438,-0.07012961804866791,0.5321078300476074,0.4788040220737457,-0.09414484351873398,0.5608012676239014,0.5516173243522644,-0.06613826751708984,0.5324212908744812,0.4758945405483246,-0.09535679221153259,0.558765709400177,0.5463091731071472,-0.06686138361692429,0.5329821705818176,0.4771767854690552,-0.08941332995891571,0.5129698514938354,0.5184904932975769,-0.03011486493051052,0.51787269115448,0.5155397057533264,0.02989223226904869,0.47471484541893005,0.4728470742702484,-0.024414412677288055,0.49058467149734497,0.44596433639526367,0.04896284267306328,0.4570344090461731,0.5365796089172363,0.024870453402400017,0.4742624759674072,0.5079299211502075,0.07140195369720459,0.46047526597976685,0.5498079061508179,0.031222408637404442,0.47647538781166077,0.5199925303459167,0.07342708110809326,0.438141405582428,0.5390687584877014,0.024807296693325043,0.45460277795791626,0.5203217267990112,0.0634533017873764
0359,./images/2/frame_00359.jpg,Fall,0.5258853435516357,0.4010581970214844,0.023333938792347908,0.5254999399185181,0.38847869634628296,0.013214312493801117,0.5247923135757446,0.38826805353164673,0.013212318532168865,0.5240523219108582,0.38829079270362854,0.01315163355320692,0.5280255675315857,0.39405739307403564,0.017360005527734756,0.5287727117538452,0.3943628966808319,0.017353249713778496,0.5294763445854187,0.3946855366230011,0.017307013273239136,0.5283632278442383,0.3913567066192627,-0.023333914577960968,0.5334517955780029,0.39542436599731445,-0.00424167001619935,0.5268803834915161,0.4059659242630005,0.01144387386739254,0.528197169303894,0.4078672528266907,0.01728542149066925,0.5325082540512085,0.4246062934398651,-0.04595375806093216,0.543824315071106,0.42888110876083374,-0.004449885338544846,0.5458126068115234,0.4889480471611023,-0.042180899530649185,0.5591272115707397,0.48919937014579773,0.004522756673395634,0.5582932233810425,0.5424851179122925,-0.03841937705874443,0.5636364817619324,0.5376530289649963,0.0156275425106287,0.5623090863227844,0.5478820204734802,-0.0454365611076355,0.5697909593582153,0.5438014268875122,0.013530820608139038,0.5615867376327515,0.5516232252120972,-0.0501837320625782,0.5698175430297852,0.541496217250824,0.015106653794646263,0.5597773790359497,0.5471362471580505,-0.04134030640125275,0.5657743215560913,0.5411216020584106,0.015695752575993538,0.511918306350708,0.5182436108589172,-0.03326550871133804,0.5205650925636292,0.518051028251648,0.03298986703157425,0.4749643802642822,0.4737301170825958,-0.025051936507225037,0.4903508722782135,0.4460848569869995,0.07058614492416382,0.4558835029602051,0.5378475785255432,0.0036108375061303377,0.47414904832839966,0.5109871625900269,0.08069129288196564,0.46024399995803833,0.551354169845581,0.007621615193784237,0.47673583030700684,0.5225398540496826,0.08833962678909302,0.4373406767845154,0.5401633381843567,0.0043321880511939526,0.45409393310546875,0.520732045173645,0.0651148334145546
0360,./images/2/frame_00360.jpg,Fall,0.5236903429031372,0.4029251039028168,0.02865731716156006,0.5238521695137024,0.39186716079711914,0.01943700760602951,0.5235926508903503,0.3913882076740265,0.019427862018346786,0.523334801197052,0.39071908593177795,0.0193631611764431,0.525624692440033,0.3952823281288147,0.024182064458727837,0.5264894962310791,0.3954848349094391,0.024180123582482338,0.5273643732070923,0.3957255482673645,0.02413872256875038,0.5266075730323792,0.39145714044570923,-0.014101298525929451,0.5307216048240662,0.39565330743789673,0.008452481590211391,0.5251702666282654,0.4075259268283844,0.017669634893536568,0.5264304876327515,0.40912926197052,0.024291593581438065,0.5334873795509338,0.4251074194908142,-0.0365876778960228,0.5442861318588257,0.4325732886791229,0.008263325318694115,0.5471981763839722,0.4885937571525574,-0.03450983017683029,0.5607655048370361,0.48941078782081604,0.026265064254403114,0.5589773654937744,0.5414644479751587,-0.03450547158718109,0.5642515420913696,0.5330871939659119,0.041467271745204926,0.5625432729721069,0.5459416508674622,-0.04232547804713249,0.5690654516220093,0.540474534034729,0.041555289179086685,0.5629015564918518,0.548844575881958,-0.04768381267786026,0.5687655210494995,0.5373415946960449,0.041608184576034546,0.5613111257553101,0.5463111996650696,-0.03768020123243332,0.5676143765449524,0.5363684296607971,0.041236989200115204,0.5119422674179077,0.5185831189155579,-0.03500501066446304,0.5209864377975464,0.518490195274353,0.034723203629255295,0.47510188817977905,0.473690003156662,-0.03052230179309845,0.49016159772872925,0.44613978266716003,0.06374286860227585,0.4558967649936676,0.5376496315002441,-0.010160090401768684,0.4764426648616791,0.5131141543388367,0.06625258922576904,0.46025794744491577,0.5514131188392639,-0.006674746982753277,0.47969359159469604,0.5250309109687805,0.06679214537143707,0.4369560778141022,0.5406094193458557,-0.009535855613648891,0.4557402729988098,0.5244942307472229,0.06163589283823967
0361,./images/2/frame_00361.jpg,Fall,0.5221087336540222,0.4077395498752594,0.011688018217682838,0.5221773386001587,0.39786723256111145,0.0020855856128036976,0.522107720375061,0.3971410393714905,0.0020752274431288242,0.5220354199409485,0.39621978998184204,0.0020135832019150257,0.523594081401825,0.3995245695114136,0.008008373901247978,0.5244545936584473,0.3995489478111267,0.008009862154722214,0.5253384709358215,0.3996261954307556,0.007973605766892433,0.5257794857025146,0.3943941295146942,-0.027619799599051476,0.5287962555885315,0.3979777991771698,-0.001750174560584128,0.5242921113967896,0.4119059145450592,0.0015034563839435577,0.525388777256012,0.4132844805717468,0.0096565131098032,0.5349099040031433,0.4254622459411621,-0.04249466210603714,0.5446354150772095,0.43088069558143616,0.005663818679749966,0.5479499697685242,0.48854032158851624,-0.05678947642445564,0.560083270072937,0.49416032433509827,0.02370377443730831,0.5596323609352112,0.5361160039901733,-0.07253511250019073,0.5631779432296753,0.5340921878814697,0.028314286842942238,0.5631802678108215,0.541725218296051,-0.08373674750328064,0.5662243366241455,0.5418070554733276,0.02746763452887535,0.5634479522705078,0.5433427095413208,-0.08831364661455154,0.5658857822418213,0.5392560958862305,0.02510066330432892,0.561726450920105,0.5417235493659973,-0.07579361647367477,0.5652734041213989,0.5367941856384277,0.0270469281822443,0.5129549503326416,0.5191612839698792,-0.03847093507647514,0.5214152932167053,0.5180754661560059,0.0382845476269722,0.47519946098327637,0.47351863980293274,-0.04884258657693863,0.48955339193344116,0.44904625415802,0.053999919444322586,0.45592784881591797,0.5370389223098755,-0.01797906868159771,0.4763243794441223,0.5162232518196106,0.07015812397003174,0.4587845802307129,0.5513796806335449,-0.013601558282971382,0.478687584400177,0.5284575819969177,0.0713333934545517,0.4370737671852112,0.5395225286483765,-0.017331277951598167,0.4551689028739929,0.5279125571250916,0.0666716992855072
0362,./images/2/frame_00362.jpg,Fall,0.5206958055496216,0.4120757579803467,0.01676948554813862,0.5191051363945007,0.40424755215644836,0.006698717828840017,0.5190314054489136,0.40385228395462036,0.006690987851470709,0.5189736485481262,0.4033745527267456,0.006633646786212921,0.5204832553863525,0.40441200137138367,0.013376091606914997,0.521105945110321,0.40382567048072815,0.013391274027526379,0.521803617477417,0.4033309817314148,0.013354445807635784,0.5241891741752625,0.3967388868331909,-0.026102978736162186,0.5265209078788757,0.3995591104030609,0.005335007794201374,0.5239032506942749,0.41576051712036133,0.005968020297586918,0.5248005986213684,0.4155932664871216,0.01524925697594881,0.534887969493866,0.4257959723472595,-0.047019436955451965,0.5463046431541443,0.4310626685619354,0.01340429950505495,0.5478234887123108,0.4885520935058594,-0.06397901475429535,0.5628912448883057,0.49096572399139404,0.025502094998955727,0.558514416217804,0.5364487171173096,-0.08752752840518951,0.5658667087554932,0.5393062829971313,0.01955678127706051,0.5622690916061401,0.5441887974739075,-0.10093142837285995,0.5688815712928772,0.551076352596283,0.016217892989516258,0.5622434616088867,0.5451643466949463,-0.10521949827671051,0.5682623982429504,0.548311173915863,0.013319991528987885,0.5604044795036316,0.5423715710639954,-0.0909651517868042,0.5678852200508118,0.544853150844574,0.017701197415590286,0.5132170915603638,0.5200785994529724,-0.04149767756462097,0.5212675929069519,0.5199088454246521,0.041330792009830475,0.4759219288825989,0.4728046953678131,-0.05087748169898987,0.48836249113082886,0.4500330686569214,0.04445989802479744,0.45595788955688477,0.5378416776657104,-0.01332781184464693,0.4720713198184967,0.5203161239624023,0.06805073469877243,0.4586792588233948,0.5519678592681885,-0.0085994191467762,0.4757632315158844,0.5327008962631226,0.06958599388599396,0.4371631145477295,0.5395575761795044,-0.01292033027857542,0.451376348733902,0.5337117910385132,0.06358139216899872
0363,./images/2/frame_00363.jpg,Fall,0.5181764364242554,0.41717207431793213,-0.017024140805006027,0.5166422128677368,0.4097110629081726,-0.02481023594737053,0.5169645547866821,0.40914246439933777,-0.02482149936258793,0.5177543759346008,0.40710747241973877,-0.02487967535853386,0.5167638063430786,0.4091527760028839,-0.016282454133033752,0.5175363421440125,0.40836066007614136,-0.016254179179668427,0.5180956125259399,0.4074134826660156,-0.016279999166727066,0.5232540965080261,0.4011386036872864,-0.04419355094432831,0.5237237215042114,0.4022268056869507,-0.0022029955871403217,0.5228893756866455,0.41898196935653687,-0.022877242416143417,0.5231009125709534,0.41840121150016785,-0.011197193525731564,0.5392503142356873,0.4291909635066986,-0.061097562313079834,0.5389829277992249,0.4345879852771759,0.01317925937473774,0.5533738732337952,0.48643773794174194,-0.07608939707279205,0.5556872487068176,0.49601390957832336,0.02122771181166172,0.5628427267074585,0.5420713424682617,-0.0982527807354927,0.5648738145828247,0.5395964980125427,0.0027825625147670507,0.564312756061554,0.5490445494651794,-0.11158858239650726,0.5678194761276245,0.5503532886505127,-0.006592896766960621,0.5634563565254211,0.5513039231300354,-0.11727140843868256,0.5668540000915527,0.5467802882194519,-0.01384713500738144,0.5613799095153809,0.5456733107566833,-0.10177068412303925,0.5677085518836975,0.543264627456665,-0.003062140429392457,0.5168225765228271,0.5211660861968994,-0.04334911331534386,0.5191220641136169,0.5192352533340454,0.04325083643198013,0.4763888716697693,0.4679586589336395,-0.07194142788648605,0.48597636818885803,0.44998377561569214,0.020305613055825233,0.45613574981689453,0.5378801226615906,-0.018260814249515533,0.46567535400390625,0.5246769189834595,0.04590090736746788,0.4587875306606293,0.5519436001777649,-0.01192632969468832,0.4698728621006012,0.5377873182296753,0.04740932956337929,0.4372252821922302,0.5435706377029419,-0.01881629414856434,0.4460363984107971,0.5414419174194336,0.03323390334844589
0364,./images/2/frame_00364.jpg,Fall,0.5186710357666016,0.4150649607181549,-0.003760817227885127,0.5168324708938599,0.4072110056877136,-0.010274471715092659,0.5169781446456909,0.40676558017730713,-0.01027996651828289,0.5178838968276978,0.40484365820884705,-0.010333890095353127,0.5173235535621643,0.40707576274871826,-0.0019909280817955732,0.5178698301315308,0.40650665760040283,-0.0019591706804931164,0.5187450647354126,0.40588220953941345,-0.001988561125472188,0.5225077867507935,0.40186864137649536,-0.03157465159893036,0.5256831049919128,0.4020158648490906,0.004869292490184307,0.5234976410865784,0.4176504909992218,-0.010835970751941204,0.5232648849487305,0.4177761971950531,0.0005659501766785979,0.5396465063095093,0.4292649030685425,-0.052680619060993195,0.540585458278656,0.43144941329956055,0.018698744475841522,0.5529864430427551,0.4855896532535553,-0.05989808589220047,0.555683434009552,0.4961429238319397,0.028474241495132446,0.5631313920021057,0.5425338745117188,-0.07202468812465668,0.5637816786766052,0.5387038588523865,0.011236489750444889,0.5651808381080627,0.5503268241882324,-0.08331093192100525,0.5663290619850159,0.5486335754394531,0.006927142851054668,0.5646836161613464,0.5531067252159119,-0.08905570954084396,0.5657001733779907,0.5455612540245056,0.0036632779520004988,0.5623298287391663,0.5491358041763306,-0.075410857796669,0.5659402012825012,0.5422092080116272,0.008754929527640343,0.5173276662826538,0.5209961533546448,-0.042875491082668304,0.5193148851394653,0.5188038945198059,0.04274836927652359,0.47627806663513184,0.46833911538124084,-0.06741487234830856,0.48605379462242126,0.45023685693740845,0.028029367327690125,0.4561501145362854,0.5378841757774353,-0.017820345237851143,0.4650896489620209,0.5225834250450134,0.05004333704710007,0.45845288038253784,0.5519088506698608,-0.011708727106451988,0.46886777877807617,0.5352143049240112,0.051372505724430084,0.4365793764591217,0.5447537302970886,-0.01691955141723156,0.44482603669166565,0.5374875664710999,0.04071607440710068
0365,./images/2/frame_00365.jpg,Fall,0.5190278887748718,0.4139026701450348,-0.006954298820346594,0.5170652270317078,0.40589240193367004,-0.014663899317383766,0.5170985460281372,0.40553486347198486,-0.014672776684165001,0.5179699659347534,0.40368330478668213,-0.014736026525497437,0.5192775726318359,0.4061506390571594,-0.0077913301065564156,0.5198410749435425,0.40559086203575134,-0.0077711306512355804,0.5205265283584595,0.4050522744655609,-0.007804174907505512,0.5233364105224609,0.40137842297554016,-0.03991724178195,0.5242109894752502,0.4019872844219208,-0.008073532022535801,0.5228258967399597,0.4169468283653259,-0.014936590567231178,0.5229598879814148,0.4174741208553314,-0.005502909421920776,0.5389624834060669,0.42925626039505005,-0.05768388509750366,0.540215015411377,0.4343460500240326,0.003959521651268005,0.5527650713920593,0.4879906177520752,-0.057724613696336746,0.5556162595748901,0.48680830001831055,0.01936396025121212,0.5630860328674316,0.543278694152832,-0.06062033772468567,0.563307523727417,0.5379501581192017,0.018122952431440353,0.5652576684951782,0.5503676533699036,-0.06953993439674377,0.564587414264679,0.547480046749115,0.016614798456430435,0.5647681951522827,0.5532259345054626,-0.0754644125699997,0.5637934803962708,0.5446299910545349,0.014045437797904015,0.5623522400856018,0.5499786734580994,-0.06380598992109299,0.5642945766448975,0.5414413213729858,0.016763539984822273,0.516973078250885,0.5210869312286377,-0.042771514505147934,0.5192340612411499,0.5185004472732544,0.042612604796886444,0.4753182530403137,0.46956902742385864,-0.056654490530490875,0.4861142039299011,0.45018407702445984,0.035273559391498566,0.4560510218143463,0.5379542708396912,0.001041012816131115,0.4662569463253021,0.5219405293464661,0.058192215859889984,0.45947903394699097,0.5518926382064819,0.009018500335514545,0.46966156363487244,0.5339081883430481,0.06009025126695633,0.436698853969574,0.5455749034881592,0.005372029263526201,0.44596973061561584,0.5350984334945679,0.050625987350940704
0366,./images/2/frame_00366.jpg,Fall,0.517943799495697,0.41346031427383423,-0.0266061220318079,0.516461968421936,0.40572065114974976,-0.0346180722117424,0.5165979266166687,0.4055059254169464,-0.034634366631507874,0.5170113444328308,0.40474557876586914,-0.03470392897725105,0.5171213150024414,0.40546053647994995,-0.02876136638224125,0.5174732208251953,0.4049570858478546,-0.0287485271692276,0.5191961526870728,0.40530237555503845,-0.02877860702574253,0.5224856734275818,0.4009753465652466,-0.0570724718272686,0.5220071077346802,0.40166109800338745,-0.029328903183341026,0.5215219259262085,0.41712790727615356,-0.03313717991113663,0.5215793251991272,0.41868099570274353,-0.025075068697333336,0.538414716720581,0.42919251322746277,-0.07127171754837036,0.536612868309021,0.43428078293800354,-0.011321065947413445,0.5522994995117188,0.489181786775589,-0.07058988511562347,0.5489745140075684,0.48890748620033264,0.0013710319763049483,0.5630260705947876,0.5443848371505737,-0.07677586376667023,0.5557571649551392,0.5325151681900024,-0.013102807104587555,0.5651885271072388,0.5523757338523865,-0.08668962121009827,0.5567249655723572,0.5417811274528503,-0.01575307920575142,0.5645402669906616,0.5547734498977661,-0.093129463493824,0.556029200553894,0.5377845764160156,-0.01944139413535595,0.5621664524078369,0.5518432259559631,-0.07998092472553253,0.5563232898712158,0.5346648693084717,-0.014998639933764935,0.51598060131073,0.5213921070098877,-0.04130367189645767,0.5171311497688293,0.5183523893356323,0.04113355651497841,0.4749491810798645,0.4714050590991974,-0.05419366434216499,0.4858795702457428,0.4501553773880005,0.03595950827002525,0.45603084564208984,0.537912905216217,0.012891054153442383,0.465728223323822,0.5203440189361572,0.060122840106487274,0.4599660038948059,0.550980269908905,0.020830929279327393,0.46894994378089905,0.532413899898529,0.06219913437962532,0.4367830753326416,0.546173632144928,0.016051003709435463,0.4460643231868744,0.5338952541351318,0.04984128475189209
0367,./images/2/frame_00367.jpg,Fall,0.5149044990539551,0.4187568724155426,-0.03187396004796028,0.5139609575271606,0.41195857524871826,-0.039406098425388336,0.5145571231842041,0.4118450880050659,-0.03941784054040909,0.5152158737182617,0.4109427034854889,-0.03947968780994415,0.5138259530067444,0.4107969105243683,-0.03163149952888489,0.5140153765678406,0.4096232056617737,-0.031611762940883636,0.5147860050201416,0.40888065099716187,-0.03162878006696701,0.5195173025131226,0.4062556028366089,-0.057610880583524704,0.5188887715339661,0.4031204283237457,-0.022881537675857544,0.5186318159103394,0.42122310400009155,-0.037168677896261215,0.518230140209198,0.4206927716732025,-0.026756230741739273,0.5386137962341309,0.4322744905948639,-0.07367776334285736,0.5319811105728149,0.43405014276504517,0.0017118414398282766,0.5537335872650146,0.4887393116950989,-0.08311190456151962,0.5434436798095703,0.48644036054611206,0.014987600035965443,0.5630121231079102,0.5456316471099854,-0.10103289783000946,0.5530292987823486,0.5207424163818359,-0.009709848091006279,0.5664526224136353,0.5559288859367371,-0.11411601305007935,0.5549001097679138,0.5295851230621338,-0.013606803491711617,0.5658115148544312,0.5581640601158142,-0.11971761286258698,0.5540972948074341,0.5253735780715942,-0.016192255541682243,0.5625061988830566,0.5537910461425781,-0.10426131635904312,0.5541054606437683,0.5224399566650391,-0.011579861864447594,0.5159546136856079,0.5238050818443298,-0.04275311529636383,0.515267014503479,0.5183204412460327,0.042626574635505676,0.47736725211143494,0.46986499428749084,-0.06500281393527985,0.4861122667789459,0.4489898681640625,0.03110809065401554,0.458233505487442,0.537750780582428,0.003271157620474696,0.46509474515914917,0.5192559361457825,0.04996249079704285,0.46342167258262634,0.55044025182724,0.013250701129436493,0.46834349632263184,0.532050609588623,0.051135145127773285,0.43831199407577515,0.545830488204956,0.004962753504514694,0.44446101784706116,0.5325852632522583,0.03604525700211525
0368,./images/2/frame_00368.jpg,Fall,0.5165711045265198,0.41430842876434326,-0.01048054825514555,0.5155863761901855,0.4116164445877075,-0.018888603895902634,0.5157608389854431,0.41141754388809204,-0.0188955906778574,0.51594078540802,0.4105617105960846,-0.01894732192158699,0.5162080526351929,0.4096302390098572,-0.015029219910502434,0.5166241526603699,0.40842345356941223,-0.015035659074783325,0.5174143314361572,0.4079611599445343,-0.015070331282913685,0.5189558267593384,0.4050520658493042,-0.04427117854356766,0.5209230184555054,0.40146294236183167,-0.020310549065470695,0.5185222029685974,0.4203793704509735,-0.018064668402075768,0.5190420746803284,0.42005622386932373,-0.01284615509212017,0.5265921950340271,0.43053117394447327,-0.06537017226219177,0.5334502458572388,0.4302721321582794,-0.010600032284855843,0.5360863208770752,0.4879690706729889,-0.08470751345157623,0.5429129004478455,0.48322293162345886,-0.016975652426481247,0.5382360219955444,0.5299715399742126,-0.11118422448635101,0.5417262315750122,0.5090100765228271,-0.03296852484345436,0.5394588708877563,0.5383687615394592,-0.12438766658306122,0.5409678220748901,0.5153462886810303,-0.03526424989104271,0.5390064120292664,0.5369933843612671,-0.12502068281173706,0.5398690104484558,0.5123315453529358,-0.03742413967847824,0.538676381111145,0.5347123742103577,-0.11323287338018417,0.5399933457374573,0.5100623369216919,-0.03450947254896164,0.5093981027603149,0.5227218866348267,-0.03425128385424614,0.5153306722640991,0.5166403651237488,0.03403053060173988,0.47625550627708435,0.4700557291507721,-0.01683915965259075,0.49317997694015503,0.4477273225784302,0.03273563086986542,0.45807090401649475,0.5377123355865479,0.014989073388278484,0.4843665659427643,0.5228334069252014,0.04622277617454529,0.462110698223114,0.5505192875862122,0.019912658259272575,0.48608890175819397,0.5359925627708435,0.04648999124765396,0.4396773874759674,0.5445184707641602,0.01856616884469986,0.4702986776828766,0.5377678275108337,0.04145929589867592
0369,./images/2/frame_00369.jpg,Fall,0.5164409875869751,0.4155888855457306,0.019920339807868004,0.5150964856147766,0.4102802574634552,0.009475385770201683,0.515035092830658,0.4100707471370697,0.009471826255321503,0.5149152278900146,0.40963417291641235,0.009421679191291332,0.5161793828010559,0.4088911712169647,0.015591186471283436,0.5166767835617065,0.407837837934494,0.015605481341481209,0.5175257921218872,0.4073038697242737,0.015571658499538898,0.5185232162475586,0.4053284525871277,-0.02624242939054966,0.5214673280715942,0.4015640616416931,0.0022395136766135693,0.5183841586112976,0.4215998351573944,0.00836477056145668,0.5194405317306519,0.42185652256011963,0.016614198684692383,0.5278519988059998,0.4299161732196808,-0.0546388253569603,0.5412236452102661,0.43019023537635803,0.009941739961504936,0.5400500893592834,0.4897734224796295,-0.06506293267011642,0.5544718503952026,0.47968974709510803,0.024312693625688553,0.5475970506668091,0.5330616235733032,-0.07492552697658539,0.5572691559791565,0.5152906775474548,0.03322573006153107,0.5502382516860962,0.5414528250694275,-0.08648408949375153,0.5583201050758362,0.5228378176689148,0.0357271172106266,0.5500248670578003,0.5416315197944641,-0.08779285103082657,0.5563379526138306,0.519823431968689,0.0325266569852829,0.5486471056938171,0.5392370820045471,-0.07697729766368866,0.5556323528289795,0.5172140598297119,0.03178277239203453,0.5103622078895569,0.5226508378982544,-0.03565765172243118,0.5216637849807739,0.5166265964508057,0.035387516021728516,0.47696858644485474,0.47203123569488525,-0.02966306172311306,0.49332818388938904,0.44383329153060913,0.0614505335688591,0.4555659890174866,0.5367565751075745,-0.005833552218973637,0.480222225189209,0.5154905915260315,0.06164569407701492,0.4606235921382904,0.5511190295219421,-0.0026911941822618246,0.48258453607559204,0.5292075872421265,0.05973596125841141,0.43989500403404236,0.5377304553985596,-0.00509154936298728,0.4616262912750244,0.5236193537712097,0.05980299785733223
0370,./images/2/frame_00370.jpg,Fall,0.5162143111228943,0.41807323694229126,0.02330220676958561,0.5153952836990356,0.4095781445503235,0.012763637118041515,0.5152469873428345,0.40944772958755493,0.012763813138008118,0.5150817036628723,0.4093348979949951,0.01271524466574192,0.5165481567382812,0.40836331248283386,0.019321318715810776,0.51722252368927,0.4073277413845062,0.019328325986862183,0.5180140733718872,0.4068770408630371,0.01928701624274254,0.5181194543838501,0.40707626938819885,-0.02284684218466282,0.5222812294960022,0.4021722674369812,0.007458175532519817,0.519249439239502,0.420793741941452,0.011733557097613811,0.5197790861129761,0.42242029309272766,0.020581906661391258,0.5277175307273865,0.43005016446113586,-0.04966297745704651,0.5461149215698242,0.43030059337615967,0.013965167105197906,0.5387267470359802,0.4917340576648712,-0.05516894906759262,0.558946430683136,0.48003458976745605,0.03400629013776779,0.5443919897079468,0.5333915948867798,-0.054014407098293304,0.5617703199386597,0.5161168575286865,0.05238194391131401,0.5463465452194214,0.5402549505233765,-0.06378619372844696,0.5628600120544434,0.5230589509010315,0.055286604911088943,0.5466287136077881,0.5396245121955872,-0.06580521911382675,0.5607996582984924,0.5203034281730652,0.051979679614305496,0.5460189580917358,0.537617564201355,-0.05598820000886917,0.5600489974021912,0.5176747441291809,0.05106312781572342,0.5108035206794739,0.5214540958404541,-0.036997631192207336,0.5241560935974121,0.5165061354637146,0.036731965839862823,0.4772357940673828,0.47346991300582886,-0.03573308140039444,0.4936351776123047,0.44361987709999084,0.06152823567390442,0.4545477330684662,0.5365279912948608,-0.013649692758917809,0.47832950949668884,0.5092571377754211,0.06936529278755188,0.4564831852912903,0.552029550075531,-0.009883417747914791,0.48046010732650757,0.5232643485069275,0.0687997117638588,0.4398765563964844,0.5360508561134338,-0.012026720680296421,0.4588586390018463,0.5129528045654297,0.06790850311517715
0371,./images/2/frame_00371.jpg,Fall,0.5168180465698242,0.417880117893219,0.04615294188261032,0.5158880352973938,0.4088502526283264,0.03601967170834541,0.515556275844574,0.4077503979206085,0.03602024167776108,0.514950692653656,0.40828031301498413,0.03597884625196457,0.5171459913253784,0.408142626285553,0.040968894958496094,0.5182798504829407,0.4070082902908325,0.04097190499305725,0.519342839717865,0.40658026933670044,0.040927495807409286,0.5189880728721619,0.406799852848053,-0.0011303259525448084,0.5226606130599976,0.40213245153427124,0.022106580436229706,0.5192511677742004,0.42072826623916626,0.033997755497694016,0.5202546715736389,0.42201030254364014,0.040811359882354736,0.523276686668396,0.428779274225235,-0.029638979583978653,0.5468925833702087,0.43047767877578735,0.01892724260687828,0.5299529433250427,0.48989447951316833,-0.03410942852497101,0.5589991807937622,0.4806567430496216,0.03872283548116684,0.5338559746742249,0.525912880897522,-0.022679466754198074,0.564407229423523,0.5154242515563965,0.06891169399023056,0.5346959829330444,0.5321500301361084,-0.02938244678080082,0.5661612153053284,0.5223677754402161,0.07362388074398041,0.5357953906059265,0.5307686924934387,-0.030206939205527306,0.5646120309829712,0.5195731520652771,0.07289619743824005,0.5358330011367798,0.5291047692298889,-0.023770753294229507,0.5634085536003113,0.5169001221656799,0.0689161866903305,0.5091331601142883,0.5176419615745544,-0.03486524149775505,0.5240656137466431,0.5170160531997681,0.034582898020744324,0.47854599356651306,0.4718186557292938,-0.006299975328147411,0.4979342818260193,0.44388145208358765,0.07869528979063034,0.45387476682662964,0.5359407663345337,-0.008879712782800198,0.4838477671146393,0.5073061585426331,0.06377005577087402,0.4546872675418854,0.5520040392875671,-0.006540566682815552,0.4850950837135315,0.5210347771644592,0.06053312495350838,0.44027119874954224,0.5318671464920044,-0.007591420318931341,0.4668598771095276,0.5123564600944519,0.06150620058178902
0372,./images/2/frame_00372.jpg,Fall,0.5182855129241943,0.4108128845691681,0.04315803572535515,0.517720103263855,0.40217864513397217,0.0327281728386879,0.517055869102478,0.401314914226532,0.03273475542664528,0.5151844024658203,0.4002014696598053,0.032701801508665085,0.5204674601554871,0.4034012258052826,0.034410495311021805,0.5217317938804626,0.40342047810554504,0.034397028386592865,0.5226408839225769,0.397769033908844,0.03435396030545235,0.5193771123886108,0.4017144441604614,-0.0032707538921386003,0.5240654349327087,0.39953044056892395,0.008282766677439213,0.5196195840835571,0.4148045778274536,0.032267145812511444,0.5209983587265015,0.4165618419647217,0.034882135689258575,0.5176360607147217,0.4245331585407257,-0.014969143085181713,0.5460080504417419,0.4305060803890228,-0.006487326230853796,0.5214346647262573,0.4828706383705139,-0.004811071790754795,0.5578066110610962,0.48113569617271423,0.022139092907309532,0.529861330986023,0.5138658285140991,0.019897127524018288,0.5638243556022644,0.5139878392219543,0.06054171174764633,0.5313433408737183,0.5192393064498901,0.01701395958662033,0.5657327175140381,0.5205684304237366,0.06425315886735916,0.5336107611656189,0.517939031124115,0.014164132066071033,0.565098226070404,0.5174418091773987,0.06492488831281662,0.5335243940353394,0.516905665397644,0.01832103729248047,0.563822329044342,0.5147767066955566,0.061473846435546875,0.5043537020683289,0.5167052745819092,-0.01700436696410179,0.5233339667320251,0.5173790454864502,0.01669919118285179,0.47328415513038635,0.46662047505378723,0.04105040803551674,0.5221592783927917,0.44072479009628296,0.08240535110235214,0.45355135202407837,0.5343347787857056,0.05779087543487549,0.5068253874778748,0.5080417990684509,0.08875381201505661,0.4527522027492523,0.5452516078948975,0.0616951584815979,0.505429744720459,0.521395206451416,0.0893385261297226,0.4411317706108093,0.5331641435623169,0.07521287351846695,0.5002066493034363,0.5155971050262451,0.1015058308839798
0373,./images/2/frame_00373.jpg,Fall,0.5202698111534119,0.4031238853931427,0.06694038212299347,0.5193647742271423,0.3935003876686096,0.057902537286281586,0.518153190612793,0.3937808573246002,0.05791882425546646,0.5160238742828369,0.3939155638217926,0.05789853259921074,0.5228757262229919,0.39328351616859436,0.05764637142419815,0.5239959955215454,0.3934922218322754,0.05762146785855293,0.5250783562660217,0.3926037549972534,0.05757090449333191,0.5190580487251282,0.39678314328193665,0.024971894919872284,0.5252192616462708,0.3968529999256134,0.023854386061429977,0.5196971297264099,0.40546444058418274,0.05721411854028702,0.5218465924263,0.4097358286380768,0.05708005279302597,0.510815441608429,0.422910213470459,0.012761461548507214,0.5454908609390259,0.42938581109046936,-0.002808461431413889,0.5154939889907837,0.47995835542678833,0.020925942808389664,0.5574172735214233,0.4770808815956116,0.021087998524308205,0.5238324403762817,0.5080119967460632,0.032966457307338715,0.5639218688011169,0.4858994483947754,0.06227761507034302,0.5256706476211548,0.5125603675842285,0.02635788358747959,0.5666569471359253,0.4877394437789917,0.06480944156646729,0.5281769037246704,0.5111498236656189,0.024830220267176628,0.5650690793991089,0.4849991798400879,0.0665980726480484,0.5282579064369202,0.5102909803390503,0.03114740550518036,0.563552975654602,0.4841934144496918,0.06351350992918015,0.5006439685821533,0.5144391059875488,-0.007256833370774984,0.5232895612716675,0.5164482593536377,0.00700420793145895,0.4706389307975769,0.4644034206867218,0.06303828954696655,0.5331134796142578,0.44114595651626587,0.08712095022201538,0.4534691870212555,0.5342618823051453,0.07980632036924362,0.5226423740386963,0.5113856792449951,0.11118213832378387,0.4524151682853699,0.5461022257804871,0.08323896676301956,0.5202703475952148,0.5247485041618347,0.11369623988866806,0.44117894768714905,0.5348957777023315,0.09491866081953049,0.5212397575378418,0.5209020972251892,0.1266634613275528
0374,./images/2/frame_00374.jpg,Fall,0.5196265578269958,0.4034808576107025,0.009605050086975098,0.5193201303482056,0.3947047293186188,0.006798158399760723,0.5182844996452332,0.3951089680194855,0.006791912019252777,0.5170115232467651,0.3955947458744049,0.006760205142199993,0.5212255716323853,0.39349061250686646,0.008452314883470535,0.5216299891471863,0.3939979076385498,0.008433649316430092,0.521936297416687,0.39303410053253174,0.008394559845328331,0.519116222858429,0.39689281582832336,-0.0016425339272245765,0.5230804681777954,0.3967052400112152,0.022268021479249,0.5196888446807861,0.4060101807117462,0.009995589964091778,0.5206970572471619,0.41117456555366516,0.011938303709030151,0.5234078168869019,0.42419806122779846,-0.016886409372091293,0.5307526588439941,0.4228009581565857,0.0154878543689847,0.539262056350708,0.47934553027153015,-0.013007367961108685,0.5337018966674805,0.46342095732688904,0.03099813684821129,0.5499805808067322,0.5226673483848572,-0.010019781067967415,0.5424141883850098,0.4686587452888489,0.044439367949962616,0.5534635186195374,0.5295878648757935,-0.014481092803180218,0.5457721948623657,0.4693705141544342,0.046299371868371964,0.5543340444564819,0.5322928428649902,-0.020368872210383415,0.5440515279769897,0.4662081003189087,0.04550790414214134,0.5483964681625366,0.5424613952636719,-0.01281031034886837,0.5433253645896912,0.4665393829345703,0.04427465796470642,0.5083053112030029,0.5147718787193298,-0.014696392230689526,0.5187849402427673,0.5123517513275146,0.01452498696744442,0.47876182198524475,0.4653093218803406,0.0016315849497914314,0.5084501504898071,0.4398640990257263,0.02970835007727146,0.45374956727027893,0.5336452722549438,-0.02374579757452011,0.513771653175354,0.5118944644927979,-0.012989610433578491,0.4532608985900879,0.5465837717056274,-0.0249333493411541,0.5155049562454224,0.5260939002037048,-0.018210405483841896,0.44109049439430237,0.5355638265609741,-0.038261111825704575,0.49891072511672974,0.5263728499412537,-0.03286311775445938
0375,./images/2/frame_00375.jpg,Fall,0.5203227996826172,0.40323445200920105,0.05663385987281799,0.5196367502212524,0.39462852478027344,0.04675870016217232,0.5185677409172058,0.39428120851516724,0.046767063438892365,0.5172237157821655,0.39397168159484863,0.04674462601542473,0.5237406492233276,0.39312976598739624,0.04810626804828644,0.5245579481124878,0.3934478461742401,0.048080138862133026,0.5256592631340027,0.39352089166641235,0.048027582466602325,0.5185550451278687,0.39481422305107117,0.010021704249083996,0.5256294012069702,0.39653486013412476,0.018891287967562675,0.5198172926902771,0.4069540202617645,0.045027174055576324,0.5215116143226624,0.41020381450653076,0.047112785279750824,0.5158236622810364,0.4229499101638794,-0.008512214757502079,0.5393823385238647,0.42430323362350464,0.012562158517539501,0.5238250494003296,0.48022493720054626,0.012827180325984955,0.5479650497436523,0.47218459844589233,0.0458979457616806,0.5352293252944946,0.5199613571166992,0.04686645418405533,0.55049729347229,0.4829440712928772,0.11028052866458893,0.5373077392578125,0.5256207585334778,0.04633742570877075,0.5533029437065125,0.48372024297714233,0.11972914636135101,0.5404021143913269,0.5250408053398132,0.04242976754903793,0.548737645149231,0.47851744294166565,0.1208726316690445,0.5395309329032898,0.5262040495872498,0.04511340707540512,0.5467115044593811,0.47831544280052185,0.11198151111602783,0.506793737411499,0.514937698841095,-0.020478032529354095,0.5211426019668579,0.5126658082008362,0.020250555127859116,0.4752861559391022,0.468210905790329,0.019562913104891777,0.5150803923606873,0.43722817301750183,0.06952007859945297,0.45385032892227173,0.534390389919281,0.007093633525073528,0.504366397857666,0.5119183659553528,0.03741259127855301,0.45381754636764526,0.5466670989990234,0.0021130270324647427,0.5051364898681641,0.5261253118515015,0.03469226136803627,0.43553534150123596,0.5410376787185669,0.007337149232625961,0.4919418394565582,0.5274066925048828,0.03186377137899399
0376,./images/2/frame_00376.jpg,Fall,0.5186681747436523,0.40361541509628296,-0.008929198607802391,0.5196660757064819,0.39599913358688354,-0.021455544978380203,0.5186588168144226,0.3957075774669647,-0.021460041403770447,0.517304003238678,0.39532583951950073,-0.021522413939237595,0.5217545032501221,0.393251895904541,-0.014818687923252583,0.5229336023330688,0.394089013338089,-0.014816723763942719,0.5242433547973633,0.3951050639152527,-0.014850197359919548,0.5182281732559204,0.3954968750476837,-0.06231679767370224,0.5256014466285706,0.39671385288238525,-0.031670715659856796,0.5198892951011658,0.40818142890930176,-0.02174350619316101,0.5216397047042847,0.40968480706214905,-0.012814772315323353,0.5190850496292114,0.4233222007751465,-0.08409088850021362,0.5416114330291748,0.42479562759399414,-0.015595403499901295,0.5302988290786743,0.49032941460609436,-0.07314324378967285,0.5508089065551758,0.4810149669647217,0.019895467907190323,0.5477636456489563,0.5460137128829956,-0.061158448457717896,0.552204966545105,0.5314024090766907,0.07009628415107727,0.542697548866272,0.556434690952301,-0.0696215033531189,0.5539506673812866,0.5413540601730347,0.07989711314439774,0.5439419746398926,0.5580846667289734,-0.07698409259319305,0.5508119463920593,0.5373235940933228,0.06293713301420212,0.5460457801818848,0.5513727068901062,-0.06488809734582901,0.5498443841934204,0.5339758992195129,0.06347649544477463,0.509050726890564,0.5152158737182617,-0.03702244535088539,0.5221961736679077,0.5126105546951294,0.03690613806247711,0.4750041365623474,0.47060224413871765,-0.025290966033935547,0.4948560297489166,0.4376562237739563,0.07898230850696564,0.45390576124191284,0.5352805852890015,0.016399484127759933,0.4879031777381897,0.5081011652946472,0.09838400781154633,0.453909307718277,0.5502821803092957,0.020731555297970772,0.49149346351623535,0.5207429528236389,0.09947244822978973,0.43008774518966675,0.5409310460090637,0.012489797547459602,0.46802812814712524,0.5189444422721863,0.09306744486093521
0377,./images/2/frame_00377.jpg,Fall,0.5186997056007385,0.40481483936309814,0.0448235347867012,0.5195494294166565,0.3967990577220917,0.03558356687426567,0.5186089277267456,0.3964577913284302,0.035577014088630676,0.5173597931861877,0.3960201144218445,0.03553139418363571,0.5216784477233887,0.39467522501945496,0.039485979825258255,0.5228009819984436,0.39502081274986267,0.03948117420077324,0.5240716934204102,0.39521822333335876,0.03944111987948418,0.5183694362640381,0.395840585231781,0.0008801898802630603,0.5256285667419434,0.39676645398139954,0.01904168538749218,0.5199491381645203,0.4082740843296051,0.033684514462947845,0.521369457244873,0.4102741777896881,0.03900853544473648,0.5189293026924133,0.42349401116371155,-0.030943479388952255,0.5415695905685425,0.4250648021697998,0.025792280212044716,0.5313812494277954,0.4919019043445587,-0.021498825401067734,0.5509362816810608,0.4813683032989502,0.05785323306918144,0.5456076860427856,0.5446706414222717,-0.0020042485557496548,0.5486429929733276,0.523509681224823,0.09704236686229706,0.5432947874069214,0.5533633828163147,-0.007744443602859974,0.5491846203804016,0.531056821346283,0.10427123308181763,0.5443258285522461,0.5545370578765869,-0.011925210244953632,0.5465502738952637,0.5292351841926575,0.10042865574359894,0.5460323691368103,0.551440417766571,-0.004331166390329599,0.5461978316307068,0.5275357961654663,0.09597919881343842,0.5089883208274841,0.5155128240585327,-0.03582465276122093,0.5221389532089233,0.5122239589691162,0.035653747618198395,0.4749845564365387,0.47371846437454224,-0.0074896374717354774,0.49358949065208435,0.4383063316345215,0.0739235058426857,0.4540835916996002,0.5361493229866028,0.0032981750555336475,0.48754721879959106,0.5078058242797852,0.04473717138171196,0.45418232679367065,0.550569474697113,0.004099157638847828,0.49120864272117615,0.5200603008270264,0.03995901718735695,0.43513578176498413,0.5401669144630432,-0.001707347808405757,0.46813255548477173,0.5193584561347961,0.03270474076271057
0378,./images/2/frame_00378.jpg,Fall,0.5190965533256531,0.4049660265445709,0.05090615898370743,0.5197166204452515,0.39688774943351746,0.042607057839632034,0.5188525915145874,0.39649835228919983,0.04261317104101181,0.5177770256996155,0.3960655629634857,0.04257403314113617,0.5227978229522705,0.39420729875564575,0.04562967270612717,0.5237206816673279,0.39450302720069885,0.04561246186494827,0.5249531269073486,0.3950440585613251,0.04557223618030548,0.5185466408729553,0.3961303234100342,0.011147679761052132,0.5257415175437927,0.39687564969062805,0.025003323331475258,0.5201563239097595,0.4066630005836487,0.04087894409894943,0.5213586688041687,0.4106060564517975,0.04497060924768448,0.517267644405365,0.42457497119903564,-0.017200704663991928,0.541459321975708,0.42557796835899353,0.030508477240800858,0.5304150581359863,0.4958280026912689,-0.00782886054366827,0.5465438961982727,0.4833693504333496,0.06648802012205124,0.5426816344261169,0.5460608601570129,0.014231963083148003,0.5435484647750854,0.5050208568572998,0.11345479637384415,0.5431368947029114,0.5543134808540344,0.00972108356654644,0.5441509485244751,0.5086223483085632,0.12185759842395782,0.5446404814720154,0.5551306009292603,0.0055480715818703175,0.5415495038032532,0.5036832094192505,0.11894283443689346,0.5454596877098083,0.5528348088264465,0.01205617655068636,0.5411532521247864,0.5024282932281494,0.11300843954086304,0.5087026357650757,0.5153138637542725,-0.03563033044338226,0.5221353769302368,0.5108650922775269,0.03543101251125336,0.4743832051753998,0.47356194257736206,0.007542871870100498,0.4952634871006012,0.43876615166664124,0.07073574513196945,0.4541359543800354,0.5361911058425903,0.004390853922814131,0.49083590507507324,0.5096503496170044,0.026714857667684555,0.45431914925575256,0.5508757829666138,0.004372847266495228,0.4941595196723938,0.5213863253593445,0.021405011415481567,0.4370671808719635,0.5400313138961792,-0.0026520697865635157,0.47173529863357544,0.5243523716926575,0.01240732055157423
0379,./images/2/frame_00379.jpg,Fall,0.5205118060112,0.4048200845718384,0.0488261803984642,0.5218079686164856,0.3943943381309509,0.03883717581629753,0.5196806788444519,0.39614686369895935,0.03884672373533249,0.5187363028526306,0.39562734961509705,0.03880937770009041,0.5247929692268372,0.39354386925697327,0.042534515261650085,0.5256220102310181,0.39381662011146545,0.04251280054450035,0.5265096426010132,0.39429473876953125,0.042467545717954636,0.5188983082771301,0.39613646268844604,0.0019575925543904305,0.5269380807876587,0.39685437083244324,0.018724285066127777,0.5202182531356812,0.4073623716831207,0.036680858582258224,0.5221900343894958,0.41072899103164673,0.04163751006126404,0.5174835920333862,0.42473137378692627,-0.02462449111044407,0.5422803163528442,0.4266548454761505,0.023788344115018845,0.5279052257537842,0.4953523874282837,-0.015646714717149734,0.5476296544075012,0.4856022596359253,0.06047691032290459,0.535943865776062,0.5446029305458069,0.006527612451463938,0.5403789281845093,0.505553126335144,0.1064877137541771,0.5369566679000854,0.5523923635482788,0.001491969102062285,0.5396764874458313,0.5087878704071045,0.11447620391845703,0.5392677783966064,0.5537006855010986,-0.002459713025018573,0.5370608568191528,0.5046445727348328,0.11074306070804596,0.5397403240203857,0.5505316257476807,0.004422759637236595,0.5371177792549133,0.5032035708427429,0.10564050823450089,0.5092583894729614,0.5154364109039307,-0.03447950631380081,0.5242902040481567,0.5110833644866943,0.03427836298942566,0.4739115834236145,0.47379350662231445,0.005406693089753389,0.4945335388183594,0.44340917468070984,0.07007768005132675,0.45416420698165894,0.5373004674911499,0.0015644219238311052,0.491877943277359,0.5114790201187134,0.03475343436002731,0.45444831252098083,0.553817629814148,0.0012916079722344875,0.4949862062931061,0.5225269198417664,0.030067047104239464,0.43062806129455566,0.5413101315498352,-0.005536618176847696,0.47374606132507324,0.5260053277015686,0.023302949965000153
0380,./images/2/frame_00380.jpg,Fall,0.5204023122787476,0.4051405191421509,-0.02311931923031807,0.5217300653457642,0.39416420459747314,-0.03515004366636276,0.5200029015541077,0.39516115188598633,-0.03515281528234482,0.5190174579620361,0.39523348212242126,-0.03521263599395752,0.5244699716567993,0.39319419860839844,-0.02823471650481224,0.5252882242202759,0.3932480216026306,-0.02826288715004921,0.5262584090232849,0.3936823010444641,-0.02828931249678135,0.5189720392227173,0.3962740898132324,-0.07199167460203171,0.5270336866378784,0.3966679573059082,-0.040331605821847916,0.5206395983695984,0.4066489338874817,-0.034331198781728745,0.5238273739814758,0.40740668773651123,-0.025130871683359146,0.5190061330795288,0.4259960949420929,-0.0895320251584053,0.5428333878517151,0.42693331837654114,-0.012522543780505657,0.5312492847442627,0.4956350028514862,-0.07093869894742966,0.546072244644165,0.48517510294914246,0.045537617057561874,0.5370699167251587,0.542452335357666,-0.04445572942495346,0.5343958139419556,0.5058528184890747,0.08605877310037613,0.5381055474281311,0.5506284236907959,-0.05204383283853531,0.5316122174263,0.5090805888175964,0.09161271154880524,0.5389254689216614,0.5509063005447388,-0.05797310918569565,0.5290518403053284,0.504761278629303,0.09398546069860458,0.5392199754714966,0.5482482314109802,-0.047118961811065674,0.5301428437232971,0.5035288333892822,0.0869959145784378,0.510628879070282,0.5178967118263245,-0.038315847516059875,0.5249642729759216,0.5118430852890015,0.03818729892373085,0.4722367227077484,0.47527867555618286,0.00622925627976656,0.5052019953727722,0.4453084170818329,0.09782914817333221,0.45407190918922424,0.537572979927063,0.03150993585586548,0.5022076964378357,0.5143815875053406,0.08939571678638458,0.4542474150657654,0.5535426139831543,0.03530813008546829,0.505985677242279,0.5245135426521301,0.0873831957578659,0.42763033509254456,0.5428066253662109,0.030664343386888504,0.4868759512901306,0.5314283967018127,0.08216946572065353
0381,./images/2/frame_00381.jpg,Fall,0.5179669857025146,0.4080927073955536,-0.05979570001363754,0.5208704471588135,0.3945012092590332,-0.0722072422504425,0.5196613073348999,0.3953931927680969,-0.07222060859203339,0.5188161730766296,0.3957866132259369,-0.07229119539260864,0.5229816436767578,0.3937443494796753,-0.06236961483955383,0.5239688158035278,0.3938935697078705,-0.06238669902086258,0.524692177772522,0.3942570686340332,-0.062417350709438324,0.5189948081970215,0.3964792490005493,-0.10915505886077881,0.5260417461395264,0.3965344727039337,-0.06363522261381149,0.520646333694458,0.40729591250419617,-0.07109437882900238,0.5236254930496216,0.40803366899490356,-0.05786403268575668,0.5271357893943787,0.4281288683414459,-0.1255357712507248,0.5420238971710205,0.42720672488212585,-0.02819664776325226,0.5371192693710327,0.49512049555778503,-0.10909607261419296,0.5418223142623901,0.4850943982601166,0.015984928235411644,0.5380741357803345,0.541244387626648,-0.07833961397409439,0.5289396047592163,0.50784832239151,0.03432981297373772,0.5391915440559387,0.5495094060897827,-0.08628472685813904,0.5251581072807312,0.5116850137710571,0.0390348955988884,0.5396946668624878,0.5497398376464844,-0.09199606627225876,0.5231537222862244,0.5081660151481628,0.029777515679597855,0.5395667552947998,0.547120213508606,-0.08040718734264374,0.5249313712120056,0.506298303604126,0.030677059665322304,0.5138182640075684,0.5215730667114258,-0.04390455037355423,0.525140643119812,0.5131524205207825,0.04378872737288475,0.4714803695678711,0.4772498607635498,-0.002906819572672248,0.5065146684646606,0.4524107575416565,0.11191357672214508,0.4540902078151703,0.537648618221283,0.03737699240446091,0.506222128868103,0.5233758687973022,0.1194753497838974,0.4547848701477051,0.5540817975997925,0.04297418147325516,0.5108615756034851,0.5344589948654175,0.11910102516412735,0.42764416337013245,0.5433893203735352,0.03927276283502579,0.4907533526420593,0.5407008528709412,0.1136479601264
0382,./images/2/frame_00382.jpg,Fall,0.5170592069625854,0.4113589823246002,-0.06782637536525726,0.5198143124580383,0.3981931805610657,-0.08135326206684113,0.5190606713294983,0.3985717296600342,-0.08136875927448273,0.5184285640716553,0.39892104268074036,-0.08143649250268936,0.5196038484573364,0.4016442596912384,-0.07135559618473053,0.5206902623176575,0.4012613892555237,-0.07136310636997223,0.5216975808143616,0.4009968340396881,-0.07139406353235245,0.5190328359603882,0.39843639731407166,-0.12122557312250137,0.5255864858627319,0.3969358801841736,-0.07494675368070602,0.5205751061439514,0.4101938009262085,-0.07996263355016708,0.5231086015701294,0.40941497683525085,-0.0664893314242363,0.5266043543815613,0.4296691119670868,-0.13858306407928467,0.5429835319519043,0.4280550181865692,-0.03852733224630356,0.5342017412185669,0.49465373158454895,-0.11738940328359604,0.5436834096908569,0.4861721396446228,0.011054158210754395,0.5308007001876831,0.5326634049415588,-0.0796194076538086,0.530956506729126,0.5179800391197205,0.038898542523384094,0.5308430790901184,0.5403215289115906,-0.08742895722389221,0.5273917317390442,0.5245729088783264,0.04398267716169357,0.5302351713180542,0.5387290120124817,-0.09208180010318756,0.5253206491470337,0.5212405920028687,0.03433896601200104,0.5308635830879211,0.5359158515930176,-0.08116728067398071,0.5268792510032654,0.5180944800376892,0.035397764295339584,0.5133922100067139,0.5212274193763733,-0.04539752006530762,0.5257095098495483,0.5139317512512207,0.04529429227113724,0.47013211250305176,0.47698700428009033,-0.0030838698148727417,0.5012251138687134,0.4521746039390564,0.1139911636710167,0.4542061388492584,0.5374821424484253,0.059214841574430466,0.5063192844390869,0.5233680009841919,0.1438743621110916,0.4548167288303375,0.5540035963058472,0.06708456575870514,0.5111070871353149,0.5339943766593933,0.1459483802318573,0.4285789132118225,0.5417029857635498,0.06756847351789474,0.4908561706542969,0.5399017930030823,0.14409306645393372
0383,./images/2/frame_00383.jpg,Fall,0.5172702074050903,0.41434699296951294,-0.09337155520915985,0.5183216333389282,0.40571603178977966,-0.10345543920993805,0.5181499719619751,0.40540677309036255,-0.10345697402954102,0.5179538726806641,0.40532511472702026,-0.10350998491048813,0.51844722032547,0.40615108609199524,-0.09363166242837906,0.51912522315979,0.40531861782073975,-0.093623086810112,0.5197616815567017,0.4046432077884674,-0.09364147484302521,0.5194580554962158,0.4025200605392456,-0.1271427571773529,0.5235051512718201,0.3999660909175873,-0.08194214105606079,0.5205630660057068,0.41633373498916626,-0.09991244971752167,0.5221377015113831,0.41534310579299927,-0.08683747053146362,0.5356024503707886,0.43406447768211365,-0.13941755890846252,0.5375503301620483,0.42637279629707336,-0.03896169736981392,0.5405727028846741,0.4932786822319031,-0.118882916867733,0.533876359462738,0.48606517910957336,-0.0012114751152694225,0.5324910283088684,0.5443415641784668,-0.09163515269756317,0.5217145681381226,0.5164454579353333,0.002503553871065378,0.5322778224945068,0.5550764203071594,-0.09889894723892212,0.5185806751251221,0.5231688618659973,0.003860577242448926,0.5298554301261902,0.5548195838928223,-0.10423852503299713,0.5163472890853882,0.5200566053390503,-0.007754863239824772,0.5299112796783447,0.5498738884925842,-0.09323359280824661,0.518150806427002,0.5174756646156311,-0.002221557777374983,0.5139690637588501,0.5217392444610596,-0.04490514472126961,0.5207676887512207,0.5100390315055847,0.04481096193194389,0.47055667638778687,0.47626084089279175,-0.044957153499126434,0.4893767237663269,0.4477207064628601,0.067537821829319,0.4545775055885315,0.5374718308448792,0.04783669114112854,0.4768170416355133,0.5074593424797058,0.1113157719373703,0.4561637043952942,0.5546194314956665,0.05755195766687393,0.47975674271583557,0.5197868347167969,0.11434006690979004,0.42884406447410583,0.5326749086380005,0.05586018040776253,0.4565499722957611,0.5083725452423096,0.11006923019886017
0384,./images/2/frame_00384.jpg,Fall,0.516483724117279,0.41658028960227966,-0.10407222807407379,0.5177463293075562,0.4066869914531708,-0.11451264470815659,0.5178124308586121,0.4062551259994507,-0.11451105773448944,0.5178161859512329,0.40604692697525024,-0.11456036567687988,0.5178557634353638,0.4064684212207794,-0.10437627881765366,0.5183351039886475,0.4055960476398468,-0.10437417030334473,0.518904983997345,0.40443679690361023,-0.10439716279506683,0.5200804471969604,0.4029916226863861,-0.13787642121315002,0.522723376750946,0.3999518156051636,-0.09131847321987152,0.5205573439598083,0.41702955961227417,-0.11030948162078857,0.5214547514915466,0.4161003530025482,-0.0968603640794754,0.5368283987045288,0.4357113242149353,-0.1489005833864212,0.5360077023506165,0.4238562285900116,-0.04577978327870369,0.5391863584518433,0.4931488037109375,-0.12382205575704575,0.5293835401535034,0.48534664511680603,-0.00887539517134428,0.5224899649620056,0.5326672792434692,-0.09076149761676788,0.517302930355072,0.513920247554779,-0.00956240389496088,0.5206940174102783,0.5538691878318787,-0.09736259281635284,0.5132291913032532,0.5218022465705872,-0.00920934695750475,0.5179886817932129,0.5517929792404175,-0.10264305025339127,0.5112793445587158,0.5184217095375061,-0.020590877160429955,0.5190731287002563,0.5453395843505859,-0.09192860126495361,0.5132459402084351,0.5159311294555664,-0.01423008181154728,0.514895498752594,0.5216134786605835,-0.044981326907873154,0.5190221667289734,0.5078735947608948,0.044896725565195084,0.47176462411880493,0.475437194108963,-0.047741807997226715,0.488313764333725,0.44484516978263855,0.07143349945545197,0.45463472604751587,0.5375051498413086,0.045010704547166824,0.47739681601524353,0.5054938793182373,0.12552091479301453,0.4565189480781555,0.5551968216896057,0.05487731099128723,0.4808058738708496,0.5179242491722107,0.12999874353408813,0.42976364493370056,0.5334204435348511,0.05146300047636032,0.45784908533096313,0.5107327699661255,0.12718196213245392
0385,./images/2/frame_00385.jpg,Fall,0.5162199139595032,0.41623666882514954,-0.0825209692120552,0.517326831817627,0.4060177803039551,-0.09483928233385086,0.5173807144165039,0.40573862195014954,-0.09483243525028229,0.517421543598175,0.40565964579582214,-0.0948852151632309,0.5177990198135376,0.40557509660720825,-0.08626751601696014,0.5179253220558167,0.4056120216846466,-0.08628304302692413,0.5184904932975769,0.4045088589191437,-0.08630478382110596,0.5200799703598022,0.4033006429672241,-0.1241859570145607,0.5225385427474976,0.3998584747314453,-0.08464422076940536,0.5203481912612915,0.41635844111442566,-0.09052887558937073,0.5210821032524109,0.41573527455329895,-0.07913291454315186,0.5335759520530701,0.43469712138175964,-0.12731219828128815,0.5370467901229858,0.42424529790878296,-0.04389429837465286,0.5354739427566528,0.48977744579315186,-0.073797307908535,0.5327509045600891,0.48566898703575134,0.005362044554203749,0.5259360671043396,0.5165630578994751,0.0054453336633741856,0.5195273160934448,0.505902886390686,0.05142474174499512,0.5244280695915222,0.5240817070007324,0.009655245579779148,0.5163391828536987,0.5116460919380188,0.06043563410639763,0.5240167379379272,0.5229107141494751,0.003145836293697357,0.5143402814865112,0.507585883140564,0.04958837851881981,0.5246824026107788,0.519583523273468,0.004957112483680248,0.5159709453582764,0.5050526261329651,0.048564426600933075,0.5144908428192139,0.5214208960533142,-0.043337635695934296,0.5188630819320679,0.5082009434700012,0.04323720186948776,0.4718869626522064,0.47587263584136963,-0.0455053374171257,0.48970428109169006,0.44023141264915466,0.05002734065055847,0.4545706808567047,0.5374947190284729,0.0454217866063118,0.4739536643028259,0.4997836947441101,0.1029047742486,0.4564947485923767,0.5550546050071716,0.05534721165895462,0.4759597182273865,0.5128561854362488,0.11510805040597916,0.43029147386550903,0.5339530110359192,0.05279376357793808,0.4552411139011383,0.5041385889053345,0.10295119136571884
0386,./images/2/frame_00386.jpg,Fall,0.5164030194282532,0.4155702292919159,-0.05815081670880318,0.5173057317733765,0.4059436321258545,-0.07034143805503845,0.5172365307807922,0.405795156955719,-0.07033564895391464,0.5171750783920288,0.4058530628681183,-0.07038688659667969,0.5181082487106323,0.40507787466049194,-0.06268326193094254,0.5183609127998352,0.4049769639968872,-0.06269339472055435,0.5189638733863831,0.4047304391860962,-0.0627114400267601,0.5199540853500366,0.4041833281517029,-0.1032198816537857,0.5227364301681519,0.4007241427898407,-0.06839555501937866,0.5203421711921692,0.4160056710243225,-0.06720204651355743,0.5210976600646973,0.41548284888267517,-0.05690981075167656,0.5293256640434265,0.43431761860847473,-0.12690380215644836,0.5403244495391846,0.42481082677841187,-0.03430047258734703,0.5283718109130859,0.47484248876571655,-0.03935088589787483,0.5426632761955261,0.4781669080257416,0.04566517099738121,0.5270635485649109,0.46084320545196533,0.053998030722141266,0.5371462106704712,0.46188774704933167,0.12610368430614471,0.5261832475662231,0.4564349353313446,0.06215958669781685,0.5375182628631592,0.4591923654079437,0.13989251852035522,0.5310416221618652,0.4542080760002136,0.05718757584691048,0.5356336832046509,0.45609110593795776,0.1350177526473999,0.5319449305534363,0.4558602273464203,0.05469932407140732,0.5356744527816772,0.45661795139312744,0.12654219567775726,0.514134407043457,0.521363377571106,-0.039769936352968216,0.5190765261650085,0.5084196925163269,0.039817504584789276,0.4735386371612549,0.477807879447937,-0.0390661396086216,0.48934969305992126,0.44068992137908936,0.037482850253582,0.4541754722595215,0.5374771952629089,0.038885582238435745,0.4698239862918854,0.5009701251983643,0.08396551758050919,0.45637792348861694,0.5546495318412781,0.05277811363339424,0.47068580985069275,0.5146146416664124,0.08952826261520386,0.43652480840682983,0.5347763299942017,0.0501590371131897,0.45254477858543396,0.5021635293960571,0.08138994872570038
0387,./images/2/frame_00387.jpg,Fall,0.5165163278579712,0.41569873690605164,-0.05225547030568123,0.517162024974823,0.4056583344936371,-0.06386743485927582,0.5170695185661316,0.4056434631347656,-0.0638633593916893,0.51698899269104,0.40585169196128845,-0.06391479820013046,0.5181106328964233,0.40474823117256165,-0.05632365867495537,0.5185333490371704,0.4045831859111786,-0.05633409693837166,0.5191477537155151,0.4053070545196533,-0.056355319917201996,0.5199194550514221,0.40566927194595337,-0.09712716192007065,0.5228512287139893,0.4015530049800873,-0.06289326399564743,0.5201832056045532,0.4157353341579437,-0.06126943230628967,0.5210294723510742,0.4154071509838104,-0.05108647421002388,0.5287514328956604,0.4353658854961395,-0.11497519165277481,0.5418573617935181,0.4258743226528168,-0.030737290158867836,0.5266056656837463,0.4791376292705536,-0.04078422859311104,0.5427718162536621,0.4738953411579132,0.050784606486558914,0.5263715982437134,0.4719908535480499,0.044517505913972855,0.5367963314056396,0.46622779965400696,0.13000081479549408,0.5246635675430298,0.4689789116382599,0.05146731063723564,0.5370508432388306,0.46481239795684814,0.14424213767051697,0.5280747413635254,0.46503981947898865,0.048423636704683304,0.5351559519767761,0.46168988943099976,0.13819068670272827,0.5293524861335754,0.4660494029521942,0.04577235132455826,0.5353240370750427,0.4616684913635254,0.1299661546945572,0.5139097571372986,0.5215012431144714,-0.03811612352728844,0.5195071697235107,0.5085552930831909,0.03817219287157059,0.4735218584537506,0.47795188426971436,-0.03424801677465439,0.489513635635376,0.4410913288593292,0.04138697683811188,0.4542315602302551,0.5370222926139832,0.044644661247730255,0.4683983325958252,0.5016080737113953,0.08635898679494858,0.4563678801059723,0.5536592602729797,0.054889775812625885,0.4690425395965576,0.5153061747550964,0.09027861058712006,0.4398522973060608,0.5361111760139465,0.057437825947999954,0.45105308294296265,0.5041907429695129,0.08245132863521576
0388,./images/2/frame_00388.jpg,Fall,0.5163659453392029,0.4162856340408325,-0.0498860627412796,0.515884280204773,0.40838623046875,-0.06180084869265556,0.5160012245178223,0.4083561301231384,-0.06178935244679451,0.5160762071609497,0.4085645377635956,-0.061836838722229004,0.5166007876396179,0.4076944589614868,-0.054188720881938934,0.517091691493988,0.4072747826576233,-0.054197102785110474,0.5178039073944092,0.4069269001483917,-0.05422355607151985,0.5198628902435303,0.408417671918869,-0.09932924807071686,0.5224114060401917,0.40460363030433655,-0.06114139035344124,0.5200713872909546,0.41923242807388306,-0.05970066785812378,0.5208768844604492,0.418486624956131,-0.048997484147548676,0.5306106805801392,0.4384145438671112,-0.11059685796499252,0.5422571897506714,0.4268859326839447,-0.029118278995156288,0.5282388925552368,0.48346972465515137,-0.05160873383283615,0.537289559841156,0.4756503105163574,0.04622052237391472,0.5265184044837952,0.4794628918170929,0.011901697143912315,0.5219087600708008,0.4744761884212494,0.11027093976736069,0.5247553586959839,0.4761272370815277,0.016286883503198624,0.5189958214759827,0.4743766486644745,0.12393847852945328,0.5269477963447571,0.4730856120586395,0.016837315633893013,0.516596257686615,0.47088974714279175,0.11546818912029266,0.5280128717422485,0.4738425314426422,0.014016914181411266,0.5175535678863525,0.470600426197052,0.1087920218706131,0.5141446590423584,0.5221478939056396,-0.03920382261276245,0.5196796655654907,0.508574903011322,0.03926509618759155,0.473158061504364,0.47682273387908936,-0.03683781623840332,0.48894840478897095,0.4448307454586029,0.04499206319451332,0.45421290397644043,0.5380352139472961,0.04118754714727402,0.4659993648529053,0.5028934478759766,0.08527140319347382,0.45643433928489685,0.5548664331436157,0.05309191346168518,0.4669901728630066,0.5157755017280579,0.0890122726559639,0.43934503197669983,0.5411075353622437,0.05215812847018242,0.4482690393924713,0.5059223771095276,0.08260577917098999
0389,./images/2/frame_00389.jpg,Fall,0.5161467790603638,0.41674867272377014,-0.04959970712661743,0.5154114961624146,0.40980008244514465,-0.06203202158212662,0.5155695676803589,0.4096525311470032,-0.06201120465993881,0.5157114267349243,0.4097451865673065,-0.062052708119153976,0.5159620046615601,0.4092855155467987,-0.05329294875264168,0.5165044665336609,0.40884703397750854,-0.05330268293619156,0.5172255635261536,0.40821900963783264,-0.05332684516906738,0.5198780298233032,0.40922263264656067,-0.09936891496181488,0.522325336933136,0.4059078097343445,-0.0595443919301033,0.5198755264282227,0.420486718416214,-0.060577888041734695,0.5205438733100891,0.4196907579898834,-0.048572368919849396,0.5324128866195679,0.4411424398422241,-0.1104355901479721,0.5425494909286499,0.4296591579914093,-0.027956077829003334,0.5286616683006287,0.4962259829044342,-0.062231820076704025,0.5355768799781799,0.48189041018486023,0.03698458895087242,0.5254353880882263,0.4881000518798828,0.0003855690301861614,0.5185030698776245,0.48701751232147217,0.07989485561847687,0.5231670141220093,0.49273523688316345,0.0029414710588753223,0.5149357914924622,0.4883720278739929,0.09234075248241425,0.52470862865448,0.4907670319080353,0.0027237359900027514,0.5125108361244202,0.4853038489818573,0.08135949820280075,0.5258558988571167,0.49012237787246704,0.0016220621764659882,0.5139699578285217,0.48445984721183777,0.07707636058330536,0.5150097608566284,0.5229166150093079,-0.03985542804002762,0.5197441577911377,0.5086771249771118,0.039888761937618256,0.4731091558933258,0.4774927794933319,-0.04271648824214935,0.4883092939853668,0.450856477022171,0.04962227866053581,0.45394062995910645,0.5383457541465759,0.03453880175948143,0.4665231704711914,0.503132700920105,0.09062711894512177,0.4579606056213379,0.557754635810852,0.04534647986292839,0.467435747385025,0.5164715647697449,0.09502438455820084,0.4357775151729584,0.5415974259376526,0.04907453805208206,0.447844922542572,0.5060757398605347,0.09356984496116638
0390,./images/2/frame_00390.jpg,Fall,0.5162064433097839,0.4213787913322449,-0.05372089892625809,0.5155342221260071,0.41495394706726074,-0.06631775200366974,0.5157049894332886,0.41468602418899536,-0.06629200279712677,0.5157971978187561,0.414650559425354,-0.0663284957408905,0.5158534049987793,0.41429340839385986,-0.05791076272726059,0.5163425803184509,0.41331037878990173,-0.05793043226003647,0.516936182975769,0.4125639498233795,-0.05795905739068985,0.5202808380126953,0.4123869240283966,-0.1001720055937767,0.5221213698387146,0.4091973304748535,-0.061445433646440506,0.5198789834976196,0.4246090352535248,-0.06349366158246994,0.5204436182975769,0.4237425923347473,-0.0522707924246788,0.533786952495575,0.44188299775123596,-0.10832686722278595,0.5421987771987915,0.43132340908050537,-0.029131367802619934,0.529318630695343,0.49527060985565186,-0.05389269441366196,0.5326180458068848,0.481862336397171,0.036076515913009644,0.5236530303955078,0.48306000232696533,0.020380774512887,0.5179026126861572,0.48392990231513977,0.08884146809577942,0.5204957723617554,0.48115941882133484,0.02669070102274418,0.5148721933364868,0.4851863980293274,0.10104858875274658,0.5223738551139832,0.47762390971183777,0.027064505964517593,0.5127205848693848,0.4813302755355835,0.09257497638463974,0.5237686634063721,0.4778832197189331,0.022877253592014313,0.5140134692192078,0.4804062843322754,0.08732393383979797,0.5148147344589233,0.5238577723503113,-0.03985071927309036,0.519118070602417,0.5099690556526184,0.039877988398075104,0.47378748655319214,0.4765486717224121,-0.044069577008485794,0.4885493218898773,0.45239055156707764,0.04271373897790909,0.4538659155368805,0.538845419883728,0.02614903822541237,0.4671667516231537,0.5034387111663818,0.08136700838804245,0.4568828046321869,0.5573673248291016,0.03496040031313896,0.4678325057029724,0.5167153477668762,0.08484439551830292,0.4362906515598297,0.5414385199546814,0.0369429849088192,0.4489007592201233,0.5028238296508789,0.0804349035024643
0391,./images/2/frame_00391.jpg,Fall,0.5167340040206909,0.4251331686973572,-0.0864567756652832,0.5161600708961487,0.4192214012145996,-0.09721863269805908,0.5166743993759155,0.4188458025455475,-0.09718792885541916,0.5171154737472534,0.4186137020587921,-0.09723861515522003,0.5161198973655701,0.4181911051273346,-0.09026897698640823,0.516663670539856,0.41706550121307373,-0.09030590951442719,0.5172073245048523,0.41613876819610596,-0.090335913002491,0.5215240120887756,0.41334885358810425,-0.11616398394107819,0.5219820737838745,0.4098621904850006,-0.08382256329059601,0.5201793909072876,0.4262852668762207,-0.09013316035270691,0.5204464197158813,0.42523783445358276,-0.08098529279232025,0.5401934385299683,0.44221046566963196,-0.10694603621959686,0.5330942869186401,0.4310997724533081,-0.04901368170976639,0.5397548079490662,0.4804529845714569,-0.056572675704956055,0.5214855670928955,0.4703250527381897,-0.005828769877552986,0.5356444120407104,0.46828582882881165,0.006931033916771412,0.5169869661331177,0.4652843475341797,0.018530216068029404,0.5335670113563538,0.464620977640152,0.010106043890118599,0.5155935287475586,0.4647773206233978,0.023990659043192863,0.5348242521286011,0.4641994535923004,0.00837909709662199,0.5149195790290833,0.4626906216144562,0.019488783553242683,0.5349574685096741,0.4651545584201813,0.007954398170113564,0.5160895586013794,0.46314629912376404,0.01809271052479744,0.5147549510002136,0.5244830846786499,-0.036376722157001495,0.5154364705085754,0.5098888874053955,0.036375951021909714,0.47410497069358826,0.47651368379592896,-0.04673358425498009,0.4877551198005676,0.4514729678630829,0.03207750245928764,0.4538156986236572,0.5387945771217346,0.04064679518342018,0.4683090150356293,0.5031310319900513,0.07664655894041061,0.45766133069992065,0.5587502121925354,0.051461316645145416,0.46930593252182007,0.5159305334091187,0.08085454255342484,0.4370874762535095,0.5436996221542358,0.05137237161397934,0.451132208108902,0.5022262930870056,0.07380075752735138
0392,./images/2/frame_00392.jpg,Fall,0.5170000791549683,0.4244302213191986,-0.054187942296266556,0.5162320733070374,0.41866299510002136,-0.06773829460144043,0.5169003009796143,0.4185819923877716,-0.06770966947078705,0.5173968076705933,0.4185873568058014,-0.06773480772972107,0.5163306593894958,0.4176017642021179,-0.059733010828495026,0.5168651938438416,0.416521281003952,-0.05976905673742294,0.5174095630645752,0.4156876802444458,-0.059813421219587326,0.5217665433883667,0.4149102568626404,-0.10176682472229004,0.5219975709915161,0.4104526937007904,-0.06529520452022552,0.5203520059585571,0.4261697232723236,-0.06378470361232758,0.5204623341560364,0.42506319284439087,-0.05329493433237076,0.5400101542472839,0.44256430864334106,-0.10406483709812164,0.5370224714279175,0.43120256066322327,-0.03169558197259903,0.525319516658783,0.4810902178287506,-0.05183209106326103,0.527197003364563,0.47240328788757324,0.033435624092817307,0.5171958804130554,0.4715114235877991,0.024881776422262192,0.5171039700508118,0.4695894122123718,0.08912540972232819,0.5134393572807312,0.46822163462638855,0.03105556033551693,0.5150819420814514,0.46925291419029236,0.10154777765274048,0.5162801146507263,0.4644748270511627,0.03163323551416397,0.513323187828064,0.46553701162338257,0.09487161040306091,0.5179144740104675,0.4650176167488098,0.027506405487656593,0.5143940448760986,0.46562498807907104,0.08849065750837326,0.5142738819122314,0.524569034576416,-0.0371762290596962,0.5164339542388916,0.5115364193916321,0.03719881922006607,0.47392624616622925,0.47645214200019836,-0.04246345907449722,0.48826688528060913,0.4516349732875824,0.037011630833148956,0.45345091819763184,0.5385161638259888,0.03769727796316147,0.4685680866241455,0.503474235534668,0.07772442698478699,0.457648366689682,0.5583860874176025,0.04937737435102463,0.46943551301956177,0.516318142414093,0.08140379935503006,0.434091717004776,0.5453691482543945,0.05079881474375725,0.45068415999412537,0.5036244988441467,0.07746925204992294
0393,./images/2/frame_00393.jpg,Fall,0.5170596241950989,0.4237368404865265,-0.03958109766244888,0.51629239320755,0.41680002212524414,-0.05317521095275879,0.5168095231056213,0.41673949360847473,-0.053162723779678345,0.5171751379966736,0.41683560609817505,-0.05319199711084366,0.5164309740066528,0.41589516401290894,-0.044999152421951294,0.5169316530227661,0.4149743318557739,-0.04501920938491821,0.5174235105514526,0.41431665420532227,-0.04505570977926254,0.5214329957962036,0.4150641858577728,-0.09059415012598038,0.5224652290344238,0.4099375009536743,-0.05311812087893486,0.5203203558921814,0.4251812696456909,-0.0504608154296875,0.5204891562461853,0.424057275056839,-0.039678193628787994,0.5293176770210266,0.44196879863739014,-0.1013631597161293,0.5424057841300964,0.4313232898712158,-0.02185143530368805,0.5117368102073669,0.4824269711971283,-0.047647058963775635,0.5300659537315369,0.4789884388446808,0.04514457285404205,0.5044409036636353,0.47169190645217896,0.03587830811738968,0.516169548034668,0.47721540927886963,0.09964562952518463,0.5004414916038513,0.46921539306640625,0.041218772530555725,0.51252281665802,0.4783555269241333,0.11101950705051422,0.5042009353637695,0.4648205637931824,0.04101783037185669,0.5104159116744995,0.4740331768989563,0.10277126729488373,0.5063035488128662,0.46508339047431946,0.038157861679792404,0.5117316246032715,0.47309672832489014,0.09805301576852798,0.5118210911750793,0.5242024064064026,-0.03808256983757019,0.5168958902359009,0.51180100440979,0.03810425475239754,0.4731878340244293,0.4765160083770752,-0.036222781985998154,0.48841601610183716,0.4520018696784973,0.05498731881380081,0.45332106947898865,0.5384904742240906,0.03415004536509514,0.4696959853172302,0.5027148723602295,0.11621765047311783,0.4565798342227936,0.5583974719047546,0.04350065439939499,0.47067609429359436,0.5152682662010193,0.12176760286092758,0.43265795707702637,0.5450281500816345,0.049971047788858414,0.45148763060569763,0.5014348030090332,0.12293337285518646
0394,./images/2/frame_00394.jpg,Fall,0.5170242190361023,0.423676073551178,-0.04147624224424362,0.516234278678894,0.41582316160202026,-0.05480556562542915,0.5165686011314392,0.41580501198768616,-0.05479079484939575,0.5167785286903381,0.4159974455833435,-0.05482073873281479,0.5165465474128723,0.4149430990219116,-0.047130752354860306,0.5170420408248901,0.41410499811172485,-0.047147516161203384,0.517449140548706,0.41369500756263733,-0.047184206545352936,0.5206613540649414,0.4151069223880768,-0.09074994921684265,0.5225902795791626,0.4094252288341522,-0.05493978410959244,0.5198568105697632,0.42452511191368103,-0.051776863634586334,0.5203859806060791,0.4237787425518036,-0.041679807007312775,0.5256584882736206,0.44240903854370117,-0.10143885761499405,0.5443869233131409,0.431296169757843,-0.022947514429688454,0.5079951286315918,0.4820411205291748,-0.04913013428449631,0.5306657552719116,0.47946327924728394,0.04179545119404793,0.5016607046127319,0.4592306315898895,0.033731795847415924,0.5157345533370972,0.47759509086608887,0.09683118760585785,0.4972820281982422,0.45435333251953125,0.038513414561748505,0.5118345022201538,0.4786028265953064,0.10719041526317596,0.5016385912895203,0.4495188891887665,0.03851156681776047,0.5097713470458984,0.4745030403137207,0.09928390383720398,0.5038899183273315,0.4506860375404358,0.036086421459913254,0.5110512971878052,0.4738181233406067,0.09538031369447708,0.5113656520843506,0.5239231586456299,-0.03813274949789047,0.517264723777771,0.5119034051895142,0.038145627826452255,0.47264066338539124,0.4767281413078308,-0.03141142427921295,0.4886152744293213,0.4517430067062378,0.061756424605846405,0.4533160626888275,0.5384750962257385,0.03846176713705063,0.4690471589565277,0.5026201605796814,0.12742207944393158,0.45570021867752075,0.5570337772369385,0.04776439815759659,0.4698964059352875,0.515009343624115,0.13377679884433746,0.4323400855064392,0.5451555252075195,0.05677778646349907,0.45116060972213745,0.5022451877593994,0.1357731968164444
0395,./images/2/frame_00395.jpg,Fall,0.5170556306838989,0.42205366492271423,-0.04555166885256767,0.5163487792015076,0.4156484007835388,-0.05872061103582382,0.5166594386100769,0.4154894948005676,-0.058703064918518066,0.5168564915657043,0.41551879048347473,-0.05872673913836479,0.5167148113250732,0.41426125168800354,-0.05117587372660637,0.5171915888786316,0.41334933042526245,-0.051188696175813675,0.5175696015357971,0.41288626194000244,-0.05122716352343559,0.520663321018219,0.4144060015678406,-0.09115061908960342,0.5226097702980042,0.4091053009033203,-0.0562673918902874,0.5198131799697876,0.42391979694366455,-0.05384562537074089,0.5203133225440979,0.4226750135421753,-0.04432394355535507,0.5267974734306335,0.44208937883377075,-0.10151274502277374,0.5429874062538147,0.4317323565483093,-0.02416684292256832,0.5095022916793823,0.480936735868454,-0.047586988657712936,0.5290655493736267,0.4793238043785095,0.03903815895318985,0.5032234787940979,0.4537348449230194,0.03597906231880188,0.5142167210578918,0.47793158888816833,0.08872373402118683,0.4988458752632141,0.4474107623100281,0.04121974855661392,0.5107554197311401,0.4794444143772125,0.09858835488557816,0.5032364726066589,0.443156361579895,0.04071417078375816,0.5093957185745239,0.47521451115608215,0.09105667471885681,0.505260169506073,0.44481369853019714,0.038334645330905914,0.5106475353240967,0.4743605852127075,0.08726927638053894,0.5114985108375549,0.523769199848175,-0.03816460072994232,0.516418993473053,0.5118848085403442,0.038167089223861694,0.47226613759994507,0.4754422903060913,-0.039289891719818115,0.4886438846588135,0.45156005024909973,0.043448202311992645,0.453267902135849,0.5355231165885925,0.03783494979143143,0.46845611929893494,0.5014357566833496,0.09977298974990845,0.4559272229671478,0.5536137223243713,0.047010816633701324,0.4695115089416504,0.5136122107505798,0.10564837604761124,0.4325651526451111,0.5444543361663818,0.055160533636808395,0.451045423746109,0.5024298429489136,0.10511436313390732
0396,./images/2/frame_00396.jpg,Fall,0.5170748829841614,0.42149657011032104,-0.06021241098642349,0.5163708925247192,0.41542959213256836,-0.07204214483499527,0.5166690945625305,0.4151904284954071,-0.07202045619487762,0.5168548822402954,0.4151477813720703,-0.07204287499189377,0.5167285799980164,0.41421186923980713,-0.06435658037662506,0.5172040462493896,0.4132717251777649,-0.06437699496746063,0.5175908803939819,0.4127112030982971,-0.0644097775220871,0.5205544233322144,0.4142775535583496,-0.09960050880908966,0.5226219892501831,0.40927913784980774,-0.064649298787117,0.5197776556015015,0.4236440062522888,-0.0675860345363617,0.5202978849411011,0.4223892092704773,-0.05759873986244202,0.5271518230438232,0.4439566433429718,-0.10380151122808456,0.5427508354187012,0.4307529926300049,-0.02881583571434021,0.5097062587738037,0.4813147187232971,-0.050090473145246506,0.5298059582710266,0.4791930615901947,0.03790367394685745,0.5001528859138489,0.4532364308834076,0.028454646468162537,0.5133023262023926,0.4760375916957855,0.08622650802135468,0.4947558343410492,0.4466485381126404,0.03289056941866875,0.5095403790473938,0.4770292043685913,0.09578554332256317,0.4993155896663666,0.4412056505680084,0.03236593306064606,0.5078622102737427,0.47260066866874695,0.08874921500682831,0.5017598271369934,0.442839652299881,0.03066573105752468,0.5092173218727112,0.47207990288734436,0.08460145443677902,0.5115561485290527,0.5236899852752686,-0.03819306939840317,0.5166828632354736,0.5104770660400391,0.038203828036785126,0.4724419116973877,0.47362491488456726,-0.04720687121152878,0.48866504430770874,0.44966205954551697,0.039164572954177856,0.4532749056816101,0.5342520475387573,0.025403987616300583,0.46887001395225525,0.49821943044662476,0.09228169918060303,0.45536500215530396,0.5519482493400574,0.03444815054535866,0.4699450135231018,0.5101781487464905,0.09732640534639359,0.4326035976409912,0.5443602204322815,0.0404970720410347,0.4513781666755676,0.5005794763565063,0.09409482032060623
0397,./images/2/frame_00397.jpg,Fall,0.5176644325256348,0.4214561879634857,-0.04569142311811447,0.5168793797492981,0.415116548538208,-0.057986192405223846,0.517052412033081,0.4149002432823181,-0.05796685069799423,0.5171536207199097,0.4148731231689453,-0.057987749576568604,0.5175099968910217,0.41388922929763794,-0.05069161579012871,0.5180624127388,0.41294360160827637,-0.05071106553077698,0.5185755491256714,0.4123596251010895,-0.05074657127261162,0.5206149816513062,0.41417303681373596,-0.08837271481752396,0.5232611894607544,0.40958383679389954,-0.055225908756256104,0.5200700163841248,0.4235004782676697,-0.054142244160175323,0.5207877159118652,0.42222893238067627,-0.04465388506650925,0.5266842246055603,0.44390615820884705,-0.09507040679454803,0.5431091785430908,0.43074414134025574,-0.021344605833292007,0.508293628692627,0.48179998993873596,-0.04425043612718582,0.5313610434532166,0.4772336184978485,0.05533794313669205,0.5022495985031128,0.45086079835891724,0.03291960805654526,0.5148831605911255,0.46212849020957947,0.11618928611278534,0.4977000653743744,0.4439030885696411,0.037419017404317856,0.5115259885787964,0.45978987216949463,0.12751737236976624,0.5021117925643921,0.43841034173965454,0.037067580968141556,0.509777307510376,0.45516157150268555,0.11932283639907837,0.5043087601661682,0.4401271343231201,0.0351242795586586,0.5110198259353638,0.45586568117141724,0.11488499492406845,0.5115301012992859,0.5225344896316528,-0.03821365535259247,0.5167815089225769,0.5099532008171082,0.038215696811676025,0.4728221297264099,0.4720920920372009,-0.04379097372293472,0.48869308829307556,0.4490302503108978,0.03907793015241623,0.45320019125938416,0.5335034132003784,0.021018682047724724,0.46688327193260193,0.49722081422805786,0.08976183831691742,0.45541080832481384,0.5507730841636658,0.029186662286520004,0.46731463074684143,0.5098669528961182,0.0943225771188736,0.4326578676700592,0.5391334295272827,0.032841455191373825,0.45023757219314575,0.4992624819278717,0.08917523920536041
0398,./images/2/frame_00398.jpg,Fall,0.5187662839889526,0.41974949836730957,-0.042755551636219025,0.5176126956939697,0.41414913535118103,-0.05547584220767021,0.5175358057022095,0.41419655084609985,-0.05545897036790848,0.5174548029899597,0.4144519865512848,-0.055479515343904495,0.5188694596290588,0.41284239292144775,-0.04851365461945534,0.5196266770362854,0.41207149624824524,-0.04853728786110878,0.5204566717147827,0.4115138649940491,-0.04857107251882553,0.5206137895584106,0.4139786660671234,-0.08750274032354355,0.5247084498405457,0.4094398021697998,-0.0556466281414032,0.5206191539764404,0.4233235716819763,-0.05168011039495468,0.5221031904220581,0.42186588048934937,-0.04263322800397873,0.5242282152175903,0.44451209902763367,-0.09586622565984726,0.5448081493377686,0.4319223165512085,-0.022702688351273537,0.5052396059036255,0.48197829723358154,-0.04730120673775673,0.5353363752365112,0.4734688699245453,0.059405189007520676,0.4977503716945648,0.4473922848701477,0.030420567840337753,0.5156130194664001,0.4532562792301178,0.1272576004266739,0.49218064546585083,0.4392916262149811,0.032684024423360825,0.5120039582252502,0.44965243339538574,0.1387844830751419,0.4977180063724518,0.43389973044395447,0.031153401359915733,0.5099464654922485,0.4451853930950165,0.12938156723976135,0.5002896785736084,0.43582773208618164,0.03354664891958237,0.511015772819519,0.4466860592365265,0.12563632428646088,0.5107088088989258,0.5209967494010925,-0.03800297528505325,0.5177541971206665,0.509497344493866,0.03801339492201805,0.4730687141418457,0.46865150332450867,-0.04259834811091423,0.4914117455482483,0.44404152035713196,0.039651211351156235,0.4531654715538025,0.5328819155693054,0.018982719630002975,0.46690958738327026,0.49671199917793274,0.1000458374619484,0.4549383223056793,0.5500314235687256,0.026676133275032043,0.4670793414115906,0.5096426606178284,0.10537558794021606,0.4325657784938812,0.5351282954216003,0.03163735941052437,0.4500739574432373,0.4987586438655853,0.10279448330402374
0399,./images/2/frame_00399.jpg,Fall,0.5188490748405457,0.4196498394012451,-0.03883688524365425,0.5177541971206665,0.4139561653137207,-0.051525287330150604,0.5176674127578735,0.4140198230743408,-0.051509253680706024,0.5175803899765015,0.41430073976516724,-0.051528699696063995,0.5189386010169983,0.41267064213752747,-0.04449289292097092,0.5196513533592224,0.41191723942756653,-0.04451556131243706,0.5204280018806458,0.4113773703575134,-0.04455010965466499,0.5206431746482849,0.4138643443584442,-0.08441974222660065,0.5246084928512573,0.40947791934013367,-0.052552442997694016,0.5206760764122009,0.4233088493347168,-0.048208534717559814,0.522098958492279,0.421883225440979,-0.03903156518936157,0.524439811706543,0.44425031542778015,-0.09505137801170349,0.5447273850440979,0.4328352212905884,-0.02051618881523609,0.5050491690635681,0.4817436635494232,-0.048609279096126556,0.5351105332374573,0.4737852215766907,0.05582323670387268,0.4978443682193756,0.44712570309638977,0.027801698073744774,0.5153137445449829,0.4559652507305145,0.11695390939712524,0.49302345514297485,0.44009098410606384,0.0323236882686615,0.5115619897842407,0.4529770016670227,0.12781837582588196,0.49787086248397827,0.4343131482601166,0.029387271031737328,0.5093629360198975,0.4482056498527527,0.11916786432266235,0.5003146529197693,0.43612968921661377,0.030160879716277122,0.5104328989982605,0.4493202269077301,0.11541072279214859,0.5105682611465454,0.5195619463920593,-0.03801073879003525,0.5179945230484009,0.5095008611679077,0.03802628442645073,0.47330164909362793,0.4653792083263397,-0.03882067650556564,0.4919016361236572,0.4432733654975891,0.0418056920170784,0.45309099555015564,0.532277524471283,0.018540143966674805,0.46650153398513794,0.49723827838897705,0.09801048040390015,0.45486122369766235,0.5490578413009644,0.025952622294425964,0.46672114729881287,0.5102457404136658,0.10290724039077759,0.4323481619358063,0.5329911112785339,0.03188960626721382,0.448551744222641,0.49784842133522034,0.1007353886961937
0400,./images/2/frame_00400.jpg,Fall,0.518943727016449,0.41957542300224304,-0.03692319616675377,0.5179047584533691,0.4138680398464203,-0.04969588294625282,0.5178000330924988,0.4139397442340851,-0.04967821389436722,0.5176950097084045,0.4142201840877533,-0.04969548434019089,0.5190598368644714,0.41257455945014954,-0.04271719604730606,0.5197441577911377,0.41181984543800354,-0.04274078086018562,0.5204795598983765,0.41127899289131165,-0.04277704283595085,0.5206533670425415,0.4137781858444214,-0.0832652673125267,0.5245434045791626,0.4095057547092438,-0.05156214162707329,0.5207403302192688,0.42325150966644287,-0.04655245691537857,0.5221315622329712,0.4218555986881256,-0.03741783648729324,0.5243955254554749,0.4440331757068634,-0.09450003504753113,0.5447334051132202,0.43373891711235046,-0.0199232567101717,0.5052444934844971,0.4815049469470978,-0.04834694415330887,0.535071074962616,0.47419968247413635,0.054602187126874924,0.4980440139770508,0.44650769233703613,0.025906626135110855,0.5153954029083252,0.45765814185142517,0.11397834122180939,0.4935096204280853,0.4398747384548187,0.029791656881570816,0.5117515325546265,0.4548850953578949,0.1247972846031189,0.49816304445266724,0.43424805998802185,0.028147602453827858,0.5094993114471436,0.4499652087688446,0.1163935512304306,0.5005496144294739,0.43599238991737366,0.027984946966171265,0.5105642080307007,0.450917512178421,0.11253007501363754,0.5105661153793335,0.5180949568748474,-0.03803258389234543,0.5181500315666199,0.5095648765563965,0.03805127739906311,0.47405868768692017,0.46540582180023193,-0.03656891733407974,0.49206671118736267,0.4437936246395111,0.042844898998737335,0.4530107080936432,0.5313956141471863,0.018969375640153885,0.46626853942871094,0.49759364128112793,0.0926898866891861,0.454476922750473,0.5478252172470093,0.02622588537633419,0.466426283121109,0.5104086399078369,0.09692935645580292,0.4319990575313568,0.5307750105857849,0.030553366988897324,0.4484688341617584,0.49812227487564087,0.09335042536258698
0401,./images/2/frame_00401.jpg,Fall,0.5191386938095093,0.41964468359947205,-0.035724952816963196,0.5182591676712036,0.413837730884552,-0.048330679535865784,0.5181664228439331,0.4138590395450592,-0.048313044011592865,0.5180608034133911,0.4141313433647156,-0.04833296313881874,0.5192688703536987,0.41282927989959717,-0.041926510632038116,0.5199199318885803,0.4120386838912964,-0.04195145517587662,0.5205862522125244,0.41153910756111145,-0.041992299258708954,0.520901083946228,0.4135175049304962,-0.08225002139806747,0.5245146751403809,0.4095321595668793,-0.05246790498495102,0.5209132432937622,0.4233262836933136,-0.045443128794431686,0.5221945643424988,0.4221959710121155,-0.03698129206895828,0.5246190428733826,0.43870994448661804,-0.09339465945959091,0.5446034669876099,0.43624141812324524,-0.02099115401506424,0.5052086114883423,0.48126569390296936,-0.0461006835103035,0.5330266356468201,0.48045989871025085,0.04673030227422714,0.49688801169395447,0.4496523141860962,0.028879130259156227,0.5145926475524902,0.47313278913497925,0.10185477882623672,0.4915686547756195,0.44208255410194397,0.03365242853760719,0.5109277367591858,0.4739922285079956,0.11427707970142365,0.49581199884414673,0.4376333951950073,0.03503117337822914,0.5087283849716187,0.46803155541419983,0.1074901595711708,0.49845367670059204,0.4396000802516937,0.03175624459981918,0.5099166035652161,0.4670506715774536,0.10102991759777069,0.5108492970466614,0.5149170160293579,-0.037856049835681915,0.5181639194488525,0.5099506974220276,0.037855230271816254,0.47537684440612793,0.4657208323478699,-0.036601971834897995,0.4919973313808441,0.4450579881668091,0.041798900812864304,0.4529751241207123,0.530724823474884,0.009781928732991219,0.46438974142074585,0.49796539545059204,0.08057040721178055,0.4537748694419861,0.5462949275970459,0.01583036407828331,0.4644216001033783,0.5108834505081177,0.0835382491350174,0.43201103806495667,0.5270630121231079,0.015862636268138885,0.4456288814544678,0.49824512004852295,0.07786306738853455
0402,./images/2/frame_00402.jpg,Fall,0.5198363065719604,0.41961386799812317,-0.04110640287399292,0.5192641019821167,0.4137745797634125,-0.05402246117591858,0.5191587209701538,0.4137868285179138,-0.05400761216878891,0.5190487504005432,0.4140884280204773,-0.054031260311603546,0.520190417766571,0.4128028452396393,-0.04835188388824463,0.5207526683807373,0.41204482316970825,-0.04838739335536957,0.5213063955307007,0.4115508198738098,-0.048435695469379425,0.5214732885360718,0.4131585955619812,-0.08804330974817276,0.5248059034347534,0.4094933271408081,-0.060303859412670135,0.5215264558792114,0.4232427477836609,-0.050624120980501175,0.522596001625061,0.42215096950531006,-0.043045416474342346,0.5249732136726379,0.43748947978019714,-0.09741954505443573,0.5444684028625488,0.43722185492515564,-0.02889924682676792,0.5059155225753784,0.47750169038772583,-0.04888980835676193,0.5324753522872925,0.4809766113758087,0.035351403057575226,0.49598199129104614,0.45207083225250244,0.02533615194261074,0.5149288773536682,0.4766155779361725,0.08656159788370132,0.4904589056968689,0.4434739351272583,0.029842589050531387,0.5113422274589539,0.47843924164772034,0.09718982130289078,0.49459362030029297,0.43954816460609436,0.032535992562770844,0.5091912150382996,0.47288841009140015,0.08944447338581085,0.49733176827430725,0.44162631034851074,0.028567036613821983,0.5103613138198853,0.471625953912735,0.08528552949428558,0.5101455450057983,0.515641450881958,-0.03706659749150276,0.5179380178451538,0.5102003216743469,0.03704287111759186,0.4762759208679199,0.4663952589035034,-0.03874339908361435,0.491926372051239,0.44672101736068726,0.04021117836236954,0.45293140411376953,0.5306743383407593,0.009073306806385517,0.46383604407310486,0.4980665445327759,0.08257560431957245,0.4530525803565979,0.5469094514846802,0.015237748622894287,0.46372610330581665,0.5110081434249878,0.08602681010961533,0.4316902756690979,0.5254523158073425,0.012201073579490185,0.44625917077064514,0.49827948212623596,0.07996519654989243
0403,./images/2/frame_00403.jpg,Fall,0.5212736129760742,0.418855756521225,-0.031685296446084976,0.5204100012779236,0.41327232122421265,-0.04449274763464928,0.5202091932296753,0.41322198510169983,-0.044481441378593445,0.5199770927429199,0.4134310483932495,-0.04451068490743637,0.5214905738830566,0.41251325607299805,-0.03855111822485924,0.5220626592636108,0.4118250608444214,-0.038581300526857376,0.5228732824325562,0.41145142912864685,-0.038631144911050797,0.5220541954040527,0.4123322367668152,-0.07942001521587372,0.5259799957275391,0.40933430194854736,-0.05241311341524124,0.5223727226257324,0.4223032295703888,-0.04169068858027458,0.5235480070114136,0.4212988615036011,-0.033837441354990005,0.5246611833572388,0.4362206757068634,-0.09064112603664398,0.5447036623954773,0.4383644461631775,-0.02654903195798397,0.5043113231658936,0.473539263010025,-0.04448453709483147,0.5328547954559326,0.4816664457321167,0.03738711029291153,0.49379268288612366,0.45245569944381714,0.027856629341840744,0.5149983167648315,0.4778611361980438,0.0873136892914772,0.488044410943985,0.4464077353477478,0.031735628843307495,0.5115842819213867,0.47971415519714355,0.09708864986896515,0.4924820065498352,0.4417755603790283,0.033080942928791046,0.5094572305679321,0.4746219515800476,0.08946084976196289,0.49533480405807495,0.4434211850166321,0.03058026172220707,0.5106031894683838,0.47342392802238464,0.0859687328338623,0.5091566443443298,0.5158501863479614,-0.035897351801395416,0.5179144144058228,0.5108264684677124,0.035847168415784836,0.47640687227249146,0.4669859707355499,-0.035748593509197235,0.4918777346611023,0.44780588150024414,0.046548329293727875,0.45286479592323303,0.5308669209480286,0.0070664240047335625,0.4642629027366638,0.4982571005821228,0.08596306294202805,0.4527280926704407,0.5472618937492371,0.012476800940930843,0.46421679854393005,0.5111730098724365,0.08866752684116364,0.43159550428390503,0.5248025059700012,0.008784406818449497,0.4468715190887451,0.49782484769821167,0.08114945143461227
0404,./images/2/frame_00404.jpg,Fall,0.5219032168388367,0.4182514548301697,-0.024975435808300972,0.5209159255027771,0.4128391146659851,-0.03750897943973541,0.5206478238105774,0.41279280185699463,-0.03749578073620796,0.5203507542610168,0.4129917025566101,-0.037521760910749435,0.5223425030708313,0.41224145889282227,-0.03191749006509781,0.5230079293251038,0.4116116464138031,-0.031946320086717606,0.523811399936676,0.4111330211162567,-0.03199627622961998,0.5223196744918823,0.411968857049942,-0.07325192540884018,0.5266557335853577,0.4091810882091522,-0.047892455011606216,0.5228718519210815,0.4215036928653717,-0.03541713207960129,0.5241625308990479,0.42063552141189575,-0.02804637886583805,0.5240553617477417,0.4356972873210907,-0.08622606098651886,0.5453588962554932,0.43870222568511963,-0.02541266940534115,0.5034970641136169,0.4746030569076538,-0.04021938890218735,0.5335578322410583,0.4822489023208618,0.036785610020160675,0.4939289093017578,0.45545998215675354,0.03566078096628189,0.5151532888412476,0.47997984290122986,0.08980688452720642,0.48853927850723267,0.45191875100135803,0.04059520363807678,0.5114750266075134,0.4818681478500366,0.10018863528966904,0.4927801191806793,0.4474339485168457,0.04162738844752312,0.5093101263046265,0.4774736762046814,0.09279029071331024,0.4954942762851715,0.4486280083656311,0.03826896846294403,0.5105238556861877,0.4763277769088745,0.08869732916355133,0.5087176561355591,0.5158042907714844,-0.03513307124376297,0.5181134939193726,0.5109385251998901,0.03506046161055565,0.47621971368789673,0.46893855929374695,-0.03379181772470474,0.49222517013549805,0.4483925700187683,0.052841585129499435,0.4527323246002197,0.5310010313987732,0.005591304507106543,0.4646413326263428,0.49816399812698364,0.09599606692790985,0.4523398280143738,0.5483211874961853,0.010633406229317188,0.46456092596054077,0.5110195279121399,0.09954507648944855,0.4315620958805084,0.5248891711235046,0.008066835813224316,0.4468837380409241,0.4946783781051636,0.0966310128569603
0405,./images/2/frame_00405.jpg,Fall,0.5217481851577759,0.41822153329849243,-0.023189853876829147,0.5209044218063354,0.41282644867897034,-0.035421647131443024,0.5206806659698486,0.41278576850891113,-0.035407256335020065,0.5204259157180786,0.4129600524902344,-0.035434506833553314,0.5221582651138306,0.4122156500816345,-0.029888972640037537,0.5228831768035889,0.41161465644836426,-0.029919853433966637,0.5236063003540039,0.4111521542072296,-0.02996845543384552,0.5224301815032959,0.4118051826953888,-0.07064428180456161,0.5265158414840698,0.40915608406066895,-0.045549724251031876,0.5227838754653931,0.42135345935821533,-0.03357551619410515,0.5240089297294617,0.4205220937728882,-0.026286566630005836,0.5239751935005188,0.43516868352890015,-0.0836506336927414,0.5451873540878296,0.4388169050216675,-0.023976892232894897,0.5037640929222107,0.472504585981369,-0.035774797201156616,0.5335603952407837,0.48198917508125305,0.034824468195438385,0.49451833963394165,0.45852428674697876,0.04475849121809006,0.5154029130935669,0.48010191321372986,0.08764651417732239,0.4893617033958435,0.45665931701660156,0.05070864036679268,0.5117822885513306,0.48208945989608765,0.09860346466302872,0.49334272742271423,0.4527330696582794,0.051608432084321976,0.5095145106315613,0.4777951240539551,0.09189072251319885,0.49595174193382263,0.45340147614479065,0.04741855710744858,0.5106584429740906,0.4765833914279938,0.0868198573589325,0.5087295770645142,0.5158863663673401,-0.03462383896112442,0.5181143879890442,0.5109847784042358,0.034534670412540436,0.4762430191040039,0.470710426568985,-0.03407379239797592,0.49252110719680786,0.44841456413269043,0.04494141787290573,0.4526653289794922,0.5309903025627136,0.0003718648513313383,0.4648829996585846,0.4978288412094116,0.07599668204784393,0.45229262113571167,0.5485424995422363,0.0046964059583842754,0.4647863805294037,0.5106287598609924,0.07833351939916611,0.43159621953964233,0.5249757766723633,0.0009040081058628857,0.4471281170845032,0.4954700171947479,0.07403536140918732
0406,./images/2/frame_00406.jpg,Fall,0.5215545892715454,0.41824400424957275,-0.02503103017807007,0.5207601189613342,0.4128415882587433,-0.037339262664318085,0.520565390586853,0.41278159618377686,-0.03732232376933098,0.5203450322151184,0.4129513204097748,-0.03734743222594261,0.5219405889511108,0.412278413772583,-0.03146766498684883,0.5226337313652039,0.4116800129413605,-0.03149814158678055,0.5233697891235352,0.41128820180892944,-0.031545598059892654,0.5224746465682983,0.4117279052734375,-0.07251402735710144,0.5263758301734924,0.4091390073299408,-0.04584026709198952,0.5226983428001404,0.42134538292884827,-0.03536064922809601,0.5238904356956482,0.42052358388900757,-0.027627700939774513,0.5240981578826904,0.4346586763858795,-0.08597517758607864,0.5451487302780151,0.43863219022750854,-0.022991787642240524,0.5038251876831055,0.4719666838645935,-0.03886046260595322,0.5336868166923523,0.4820186495780945,0.03316030651330948,0.4944221079349518,0.4614778161048889,0.04021904617547989,0.5156854391098022,0.48178452253341675,0.08268198370933533,0.48942556977272034,0.460347056388855,0.0457124337553978,0.5120810270309448,0.48426735401153564,0.09358102828264236,0.4930938184261322,0.456598699092865,0.046791575849056244,0.5097261071205139,0.47991031408309937,0.08689994364976883,0.495664119720459,0.4569033682346344,0.042891159653663635,0.510855495929718,0.478481262922287,0.08177395164966583,0.5088440179824829,0.5159750580787659,-0.03491021692752838,0.5181268453598022,0.5111046433448792,0.034830134361982346,0.47636955976486206,0.4707522392272949,-0.034358035773038864,0.4924904406070709,0.4487548768520355,0.04555138200521469,0.4526297152042389,0.531017005443573,0.0006336892838589847,0.4649856686592102,0.49781766533851624,0.08168728649616241,0.45232778787612915,0.5486259460449219,0.005266525782644749,0.4648660123348236,0.5106069445610046,0.084734246134758,0.43162471055984497,0.5239478349685669,0.0028493585996329784,0.44729524850845337,0.4958952069282532,0.080937460064888
0407,./images/2/frame_00407.jpg,Fall,0.5214208960533142,0.41832178831100464,-0.024279797449707985,0.5206458568572998,0.4129195213317871,-0.03629997745156288,0.5204698443412781,0.4128320515155792,-0.03627929836511612,0.5202814340591431,0.4129609763622284,-0.036300916224718094,0.5217922329902649,0.412356436252594,-0.030050460249185562,0.5224800109863281,0.41176095604896545,-0.030080098658800125,0.5232415199279785,0.41136592626571655,-0.03012602962553501,0.5225025415420532,0.4117268919944763,-0.07133650779724121,0.5263514518737793,0.4091666638851166,-0.04292247071862221,0.522651731967926,0.4213566780090332,-0.034761033952236176,0.5238682627677917,0.42063233256340027,-0.026554137468338013,0.5242271423339844,0.43467530608177185,-0.08636053651571274,0.545015275478363,0.43843236565589905,-0.01938486471772194,0.5039970278739929,0.47291260957717896,-0.04056538641452789,0.533251166343689,0.48235973715782166,0.033382218331098557,0.4949638843536377,0.4658471345901489,0.037274837493896484,0.5156572461128235,0.48415011167526245,0.08080402761697769,0.48995882272720337,0.46475619077682495,0.04269475117325783,0.5120797753334045,0.4869720935821533,0.09209336340427399,0.4933272898197174,0.46113845705986023,0.04442087560892105,0.5097537636756897,0.482608824968338,0.08532191067934036,0.4958783984184265,0.46130865812301636,0.04012792184948921,0.5108969807624817,0.48099055886268616,0.07980280369520187,0.5088942646980286,0.515982449054718,-0.03499779850244522,0.518122673034668,0.5111232995986938,0.03493492677807808,0.4767448902130127,0.47027018666267395,-0.03681304305791855,0.49235495924949646,0.44878819584846497,0.042824406176805496,0.4525644779205322,0.5306821465492249,-0.0041870116256177425,0.46478867530822754,0.4978896677494049,0.07502292841672897,0.45235100388526917,0.5480042099952698,0.0001108196665882133,0.464658260345459,0.5106839537620544,0.07742516696453094,0.43164047598838806,0.5221512913703918,-0.0030047758482396603,0.4474271833896637,0.4960767924785614,0.07403092831373215
0408,./images/2/frame_00408.jpg,Fall,0.5213615894317627,0.41870009899139404,-0.026286881417036057,0.5205682516098022,0.4132181406021118,-0.03865213692188263,0.520398736000061,0.4130760133266449,-0.038633108139038086,0.5202195644378662,0.4131704866886139,-0.038655783981084824,0.5217183232307434,0.41276729106903076,-0.03217295557260513,0.5224100351333618,0.4121067523956299,-0.03220165893435478,0.5232210755348206,0.4117003083229065,-0.032247286289930344,0.5224910378456116,0.4118281602859497,-0.07394714653491974,0.5263282060623169,0.4093939960002899,-0.04470799118280411,0.5226186513900757,0.42149072885513306,-0.03683682531118393,0.5237481594085693,0.42092975974082947,-0.02834678813815117,0.5243182182312012,0.43472710251808167,-0.08738039433956146,0.5448616743087769,0.4382862150669098,-0.01967109739780426,0.5040568113327026,0.4734831154346466,-0.04577746242284775,0.5332531332969666,0.48242270946502686,0.033227644860744476,0.4945722222328186,0.4651067554950714,0.030909275636076927,0.5156877636909485,0.48351410031318665,0.07912735641002655,0.4893639087677002,0.46331101655960083,0.03580889850854874,0.5121108889579773,0.48603251576423645,0.09027066081762314,0.4928515553474426,0.459427148103714,0.03942009434103966,0.5097958445549011,0.48148298263549805,0.08294310420751572,0.495482861995697,0.45984241366386414,0.03441378101706505,0.5109336972236633,0.4800125062465668,0.0778404176235199,0.5089783668518066,0.5159204602241516,-0.03504469245672226,0.5181509256362915,0.5110506415367126,0.03498523682355881,0.4771386981010437,0.4701519012451172,-0.03872928023338318,0.4923354983329773,0.4482601284980774,0.04091786593198776,0.45254451036453247,0.5304667353630066,-0.0018282567616552114,0.4648071825504303,0.4976102113723755,0.0774875357747078,0.452379047870636,0.547797679901123,0.0029886928386986256,0.4646405577659607,0.5104497075080872,0.08042607456445694,0.4316752552986145,0.5206698179244995,-6.667844900221098e-06,0.4475173354148865,0.49611786007881165,0.07746757566928864
0409,./images/2/frame_00409.jpg,Fall,0.521029531955719,0.42090415954589844,-0.036984287202358246,0.5203670263290405,0.41498422622680664,-0.049108829349279404,0.5202773809432983,0.41467273235321045,-0.04908886179327965,0.5201658010482788,0.4146054983139038,-0.04910370707511902,0.5212436318397522,0.41470757126808167,-0.04193367063999176,0.5218077898025513,0.4140515923500061,-0.04195992648601532,0.522428572177887,0.41361188888549805,-0.04200293496251106,0.522475004196167,0.4124777019023895,-0.0828331708908081,0.5257097482681274,0.4105381965637207,-0.050020597875118256,0.5224897861480713,0.4232930541038513,-0.04689362645149231,0.5232933759689331,0.42285293340682983,-0.03743169456720352,0.5262792706489563,0.43469271063804626,-0.09711942076683044,0.5427225828170776,0.4363161325454712,-0.020290730521082878,0.5043114423751831,0.47381293773651123,-0.06003909558057785,0.531024694442749,0.4823802411556244,0.026667818427085876,0.49470648169517517,0.4645363688468933,0.00833289697766304,0.513705313205719,0.48359134793281555,0.06246596574783325,0.48936352133750916,0.462422639131546,0.01183854229748249,0.510067880153656,0.48629921674728394,0.07220753282308578,0.4927366375923157,0.4583390951156616,0.014914816245436668,0.507778525352478,0.48138871788978577,0.06445752084255219,0.49538737535476685,0.45878905057907104,0.011601259931921959,0.5090388059616089,0.47986701130867004,0.06070093438029289,0.5094970464706421,0.5158884525299072,-0.035723041743040085,0.5180140733718872,0.5108883380889893,0.03566329553723335,0.4783652424812317,0.4699028730392456,-0.04101661592721939,0.4921741485595703,0.4484289884567261,0.03716381639242172,0.4525224268436432,0.5299447774887085,-0.0007708543562330306,0.46319228410720825,0.4976653754711151,0.07395510375499725,0.45242205262184143,0.5464515686035156,0.004235295113176107,0.46435776352882385,0.5105234980583191,0.07673515379428864,0.43225353956222534,0.5196316838264465,0.0008289816905744374,0.44738608598709106,0.4969223737716675,0.07289783656597137
0410,./images/2/frame_00410.jpg,Fall,0.520986795425415,0.42248934507369995,-0.036376722157001495,0.5203257203102112,0.4163872301578522,-0.048609934747219086,0.5202356576919556,0.4159725606441498,-0.0485897995531559,0.520148754119873,0.4158649444580078,-0.048591725528240204,0.5212332010269165,0.4162459373474121,-0.040891215205192566,0.5217611789703369,0.4156073331832886,-0.04091442748904228,0.5224120020866394,0.4152972400188446,-0.040958769619464874,0.5225445628166199,0.4131099581718445,-0.08272437751293182,0.5256343483924866,0.411599338054657,-0.048734359443187714,0.5224519968032837,0.4246017038822174,-0.046490028500556946,0.523266077041626,0.42454054951667786,-0.03627905994653702,0.5270057916641235,0.4343530535697937,-0.09576015919446945,0.542805552482605,0.4362528920173645,-0.01924211159348488,0.5047471523284912,0.47398024797439575,-0.05784359574317932,0.5302755832672119,0.4803245961666107,0.02971745654940605,0.4949933886528015,0.4634164571762085,0.010160068050026894,0.5133336782455444,0.48278194665908813,0.06900063902139664,0.4897667467594147,0.46215739846229553,0.013435684144496918,0.5097260475158691,0.4862232506275177,0.07908658683300018,0.4931897222995758,0.4582078754901886,0.016052184626460075,0.5075958371162415,0.48106491565704346,0.0715998113155365,0.49577561020851135,0.45818790793418884,0.013203190639615059,0.5088266730308533,0.47914835810661316,0.0674406960606575,0.5095369219779968,0.5157644748687744,-0.035974662750959396,0.5177676677703857,0.5108652114868164,0.03591058775782585,0.4787115156650543,0.4699234366416931,-0.04142966866493225,0.4918566346168518,0.4492346942424774,0.0384528785943985,0.452509343624115,0.5299447178840637,-0.001788367168046534,0.4625547528266907,0.4977096617221832,0.07571878284215927,0.452432245016098,0.5464949011802673,0.003137116553261876,0.46418291330337524,0.510958731174469,0.078588105738163,0.4326440691947937,0.5204447507858276,4.560090383165516e-05,0.4464627206325531,0.49642881751060486,0.07522039115428925
0411,./images/2/frame_00411.jpg,Fall,0.5210322141647339,0.42241165041923523,-0.0364883616566658,0.5203962922096252,0.41640350222587585,-0.04877476021647453,0.5203098654747009,0.41602012515068054,-0.04875614866614342,0.5202130079269409,0.4159117043018341,-0.04876892641186714,0.5212609171867371,0.4162254333496094,-0.04197970777750015,0.5218433737754822,0.41570162773132324,-0.04200739413499832,0.522473156452179,0.415296733379364,-0.04205472767353058,0.5225902199745178,0.413191020488739,-0.08258326351642609,0.5256110429763794,0.41175469756126404,-0.052055440843105316,0.5224598050117493,0.42456886172294617,-0.04632722586393356,0.5232924222946167,0.4245055019855499,-0.03732466325163841,0.5269292593002319,0.4343610405921936,-0.09568586200475693,0.5428687930107117,0.4362587332725525,-0.023735273629426956,0.505151093006134,0.4739384055137634,-0.05824907869100571,0.530554473400116,0.4785299003124237,0.02676497772336006,0.49519452452659607,0.46188879013061523,0.006957974284887314,0.5135886669158936,0.4786613881587982,0.06779555976390839,0.48998063802719116,0.4608316719532013,0.009881602600216866,0.5099650621414185,0.48138636350631714,0.07773565500974655,0.49348363280296326,0.45651012659072876,0.012084073387086391,0.5077584981918335,0.4762541353702545,0.07038567960262299,0.49605637788772583,0.45653513073921204,0.009749182499945164,0.5090004801750183,0.47469860315322876,0.06636460870504379,0.5094970464706421,0.5156626105308533,-0.035511840134859085,0.5175560712814331,0.5108155012130737,0.03544383868575096,0.47898513078689575,0.4708550274372101,-0.04097044840455055,0.4918217658996582,0.4500484764575958,0.03690639138221741,0.4524970054626465,0.5299667119979858,-0.001389209646731615,0.4629093110561371,0.498611181974411,0.0743161141872406,0.45245057344436646,0.5466067790985107,0.0033610761165618896,0.4642568528652191,0.5114188194274902,0.07731205970048904,0.4330480992794037,0.5204406976699829,-0.0010155000491067767,0.44659286737442017,0.49641597270965576,0.07356100529432297
0412,./images/2/frame_00412.jpg,Fall,0.5211234092712402,0.42344242334365845,-0.04175163060426712,0.5205143690109253,0.4175800681114197,-0.054273951798677444,0.5204280614852905,0.41718319058418274,-0.05425937846302986,0.5203258395195007,0.4170149862766266,-0.054278742522001266,0.5213326811790466,0.4173734784126282,-0.04770945385098457,0.5218802690505981,0.41678565740585327,-0.04773910343647003,0.5224729776382446,0.4163376986980438,-0.04778968542814255,0.5225937366485596,0.4139384925365448,-0.08752915263175964,0.5255933403968811,0.4126037061214447,-0.057613473385572433,0.5224825739860535,0.42548689246177673,-0.05123453214764595,0.5233097672462463,0.42545178532600403,-0.042547158896923065,0.5269588232040405,0.4344106912612915,-0.1002916693687439,0.5428962111473083,0.4361580014228821,-0.02721480093896389,0.5057579874992371,0.4737638235092163,-0.06557163596153259,0.5307261943817139,0.47596338391304016,0.024930831044912338,0.49521273374557495,0.4576188027858734,-0.005721341818571091,0.5138131976127625,0.4743174612522125,0.06344792246818542,0.4899970591068268,0.45582127571105957,-0.004625739995390177,0.5102773904800415,0.4765436351299286,0.0725364163517952,0.4935379922389984,0.45084625482559204,-0.0027798519004136324,0.508247971534729,0.47149017453193665,0.06461971998214722,0.49612632393836975,0.4512627124786377,-0.0032462398521602154,0.5095052123069763,0.4702165424823761,0.06174581125378609,0.5106627941131592,0.5153527855873108,-0.03556553274393082,0.5174297094345093,0.5107845664024353,0.03549973666667938,0.47914785146713257,0.4718773365020752,-0.043119531124830246,0.4913853704929352,0.4507826864719391,0.034891869872808456,0.45247453451156616,0.5299966335296631,-0.00043808738701045513,0.46304622292518616,0.5001193881034851,0.07597757875919342,0.45246952772140503,0.5476967096328735,0.004221056122332811,0.46428531408309937,0.5127601027488708,0.07866266369819641,0.43303894996643066,0.5209563374519348,0.0011824590619653463,0.44649195671081543,0.4969576597213745,0.0755472332239151
0413,./images/2/frame_00413.jpg,Fall,0.5208905935287476,0.4248720705509186,-0.04255140200257301,0.5203242897987366,0.4187011420726776,-0.05402142554521561,0.5203133821487427,0.4183194041252136,-0.0540095753967762,0.5203078985214233,0.41815459728240967,-0.05402819439768791,0.5208538770675659,0.41829991340637207,-0.046514879912137985,0.5212555527687073,0.4176021218299866,-0.046541523188352585,0.5217788219451904,0.41712868213653564,-0.04659142717719078,0.5225983262062073,0.4147299826145172,-0.08565039932727814,0.5248714685440063,0.4130517244338989,-0.05041830986738205,0.5223256945610046,0.42703837156295776,-0.051280178129673004,0.5228880047798157,0.4266969859600067,-0.04139573872089386,0.5294069051742554,0.43727362155914307,-0.10013439506292343,0.5417017936706543,0.4355757534503937,-0.016604159027338028,0.5080255270004272,0.4754887521266937,-0.07555310428142548,0.5273954272270203,0.4758337140083313,0.02317310869693756,0.49430298805236816,0.45590779185295105,-0.025138163939118385,0.5109462141990662,0.4744713604450226,0.03662897273898125,0.48828285932540894,0.4518027901649475,-0.026020416989922523,0.5071190595626831,0.4768133759498596,0.042872536927461624,0.4919143319129944,0.44609710574150085,-0.02171434834599495,0.5053190588951111,0.4715450406074524,0.03452863544225693,0.49479085206985474,0.44722694158554077,-0.02178681641817093,0.5068103671073914,0.47034165263175964,0.03402611240744591,0.5125729441642761,0.5157004594802856,-0.03708991780877113,0.5171194672584534,0.5105060338973999,0.03704208880662918,0.48005470633506775,0.46959978342056274,-0.04937618225812912,0.4891741871833801,0.45215004682540894,0.02883993461728096,0.45293641090393066,0.5299753546714783,-0.004880387336015701,0.4632369577884674,0.5027764439582825,0.06723607331514359,0.4536563754081726,0.5474065542221069,0.00045380013762041926,0.46432289481163025,0.5156288743019104,0.07009975612163544,0.43349146842956543,0.5213583707809448,-0.0025766692124307156,0.4458905756473541,0.5001305341720581,0.06489107757806778
0414,./images/2/frame_00414.jpg,Fall,0.5205486416816711,0.42665332555770874,-0.040778931230306625,0.5199729800224304,0.41995248198509216,-0.053619105368852615,0.5200188159942627,0.419564813375473,-0.05359939485788345,0.5200943350791931,0.4194294512271881,-0.05362831428647041,0.5203367471694946,0.4195030927658081,-0.0443403460085392,0.5206869840621948,0.4186753034591675,-0.04436102509498596,0.5210981965065002,0.4180584251880646,-0.04440659284591675,0.5225881338119507,0.4157651662826538,-0.0811900943517685,0.5243480801582336,0.41367894411087036,-0.04292817786335945,0.5220799446105957,0.42882347106933594,-0.0506339967250824,0.5225597620010376,0.4284060597419739,-0.03901269659399986,0.5312333106994629,0.4389674663543701,-0.09913745522499084,0.5409508943557739,0.4344552457332611,-0.009701504372060299,0.5088978409767151,0.47618311643600464,-0.07092930376529694,0.5250632166862488,0.47431105375289917,0.02490481548011303,0.4940889775753021,0.45477694272994995,-0.014620254747569561,0.5093235969543457,0.47247394919395447,0.043847862631082535,0.4879896640777588,0.44999465346336365,-0.014292101375758648,0.5055967569351196,0.47412973642349243,0.050995565950870514,0.49160775542259216,0.4443763792514801,-0.010261650197207928,0.5039752125740051,0.4689997434616089,0.04318521171808243,0.49448633193969727,0.44552621245384216,-0.011196114122867584,0.5054877400398254,0.46803441643714905,0.04156087338924408,0.5133284330368042,0.5158868432044983,-0.03795459121465683,0.5170165300369263,0.5101097822189331,0.037925027310848236,0.48040467500686646,0.4685206413269043,-0.05109770968556404,0.48891377449035645,0.45209431648254395,0.02814863622188568,0.45358985662460327,0.5299813151359558,-0.005810992792248726,0.46337366104125977,0.5037564635276794,0.06250369548797607,0.4549337327480316,0.5469954609870911,-0.00015837381943129003,0.4643217921257019,0.5168833136558533,0.06500937789678574,0.434133380651474,0.5242254734039307,-0.001134052174165845,0.4454074501991272,0.502145528793335,0.060097016394138336
0415,./images/2/frame_00415.jpg,Fall,0.5205287933349609,0.4270194470882416,-0.029079262167215347,0.5199039578437805,0.42036470770835876,-0.04122781753540039,0.5199408531188965,0.41994529962539673,-0.041216541081666946,0.5200263261795044,0.4197760820388794,-0.04123138263821602,0.5202862024307251,0.4200142025947571,-0.03335465490818024,0.5206783413887024,0.4193342924118042,-0.03337438032031059,0.521097719669342,0.41873252391815186,-0.03341635316610336,0.5225318670272827,0.41603121161460876,-0.07336552441120148,0.5243001580238342,0.4142025411128998,-0.03839980810880661,0.5220649242401123,0.4291267395019531,-0.03897015005350113,0.5225610136985779,0.4289326071739197,-0.028709858655929565,0.5304561257362366,0.43889710307121277,-0.09234149008989334,0.5410164594650269,0.43343812227249146,-0.006352662108838558,0.5088431239128113,0.47471216320991516,-0.06227733567357063,0.5261461734771729,0.47394412755966187,0.046345777809619904,0.49343928694725037,0.44904521107673645,-0.0036764885298907757,0.5104466080665588,0.46938079595565796,0.08521448075771332,0.48832207918167114,0.4469960927963257,-0.004838497843593359,0.5073803067207336,0.4703843295574188,0.0957823097705841,0.49193888902664185,0.4415874779224396,-0.0005297383177094162,0.5058826804161072,0.46515074372291565,0.08780798316001892,0.49474674463272095,0.44264331459999084,-0.00022289172920864075,0.507133424282074,0.4644228219985962,0.08357033878564835,0.5136295557022095,0.515218198299408,-0.03815207630395889,0.5171982049942017,0.510111927986145,0.0381304994225502,0.48025766015052795,0.46879661083221436,-0.04831502214074135,0.4893619120121002,0.45188429951667786,0.029276585206389427,0.45372700691223145,0.5308319926261902,-0.004620970226824284,0.46343445777893066,0.5034223198890686,0.06304032355546951,0.4551429748535156,0.5472285151481628,0.0009615852613933384,0.464341938495636,0.5164880156517029,0.06553734838962555,0.43463844060897827,0.5273815393447876,-2.045740620815195e-05,0.44552135467529297,0.501751184463501,0.06113026291131973
0416,./images/2/frame_00416.jpg,Fall,0.5204201936721802,0.4277956187725067,-0.025460343807935715,0.5197162628173828,0.4209248125553131,-0.03717010095715523,0.5197563767433167,0.420450896024704,-0.03716167062520981,0.5198764801025391,0.4201776683330536,-0.03717482089996338,0.5201152563095093,0.4206323027610779,-0.02912282571196556,0.5204979777336121,0.41993382573127747,-0.029140060767531395,0.5209892392158508,0.41942083835601807,-0.02917991206049919,0.5225171446800232,0.4161913990974426,-0.06939321011304855,0.5242266654968262,0.41462045907974243,-0.03288533538579941,0.5220254063606262,0.42974841594696045,-0.03521871939301491,0.5225518941879272,0.42975518107414246,-0.02463698759675026,0.5303182005882263,0.43869972229003906,-0.09040801972150803,0.5409899353981018,0.4329034984111786,-0.00022726439055986702,0.508793294429779,0.47381237149238586,-0.06167250871658325,0.5267993211746216,0.4729805886745453,0.050578467547893524,0.49295347929000854,0.44716647267341614,-0.00030972104286774993,0.5124309659004211,0.4663487672805786,0.08698798716068268,0.4884069859981537,0.4456027150154114,0.0004466880636755377,0.5098901987075806,0.4667431712150574,0.09770572185516357,0.49188265204429626,0.44023001194000244,0.0038405470550060272,0.5081307291984558,0.4614177346229553,0.08991800993680954,0.49466341733932495,0.44127535820007324,0.0029292975086718798,0.509138822555542,0.46093887090682983,0.08533505350351334,0.513864278793335,0.5150591135025024,-0.03895235434174538,0.5174259543418884,0.5101253986358643,0.038939330726861954,0.48022231459617615,0.46909311413764954,-0.04762149229645729,0.48849812150001526,0.4536367952823639,0.029343541711568832,0.45421504974365234,0.5315036177635193,-0.005083906464278698,0.46349233388900757,0.5037314295768738,0.05937514454126358,0.4558224678039551,0.547451376914978,0.0005346938269212842,0.4643537402153015,0.5168007612228394,0.06151133030653,0.4354686141014099,0.5295417308807373,0.000534377817530185,0.44613784551620483,0.5023803114891052,0.058574993163347244
0417,./images/2/frame_00417.jpg,Fall,0.520190954208374,0.42957767844200134,-0.027342241257429123,0.5194478034973145,0.42207348346710205,-0.038553401827812195,0.5195310711860657,0.4215206205844879,-0.038545023649930954,0.519697904586792,0.42118412256240845,-0.03855900093913078,0.5197401642799377,0.42182669043540955,-0.029994633048772812,0.5200886726379395,0.42099031805992126,-0.030008483678102493,0.52057945728302,0.4204448163509369,-0.030046826228499413,0.5225219130516052,0.4166826605796814,-0.0689445286989212,0.5240118503570557,0.4153667092323303,-0.029247406870126724,0.5219594836235046,0.431397408246994,-0.036675307899713516,0.5224530696868896,0.4314442574977875,-0.02542133256793022,0.5320906043052673,0.4388435482978821,-0.09062941372394562,0.5407158732414246,0.4326610267162323,0.004444914869964123,0.5094082951545715,0.47481945157051086,-0.06867878139019012,0.5261679291725159,0.4732435941696167,0.046614207327365875,0.4924136698246002,0.4472382962703705,-0.014113761484622955,0.5116870999336243,0.46699702739715576,0.07266059517860413,0.4880412518978119,0.4468490183353424,-0.014053110964596272,0.5088542699813843,0.4673299491405487,0.08197610080242157,0.4914183020591736,0.44138818979263306,-0.00913153775036335,0.5069807171821594,0.46170487999916077,0.07381348311901093,0.4942750036716461,0.442339152097702,-0.01037709228694439,0.5080716013908386,0.46120133996009827,0.07023447751998901,0.514416515827179,0.5151867866516113,-0.03981432691216469,0.5174292325973511,0.5100522637367249,0.03980514779686928,0.480215847492218,0.468649685382843,-0.050396550446748734,0.4878942370414734,0.45422905683517456,0.028422141447663307,0.4551559388637543,0.5312483310699463,-0.005880433134734631,0.4635244905948639,0.5050095319747925,0.05314989760518074,0.45709720253944397,0.5465117692947388,2.8319136617938057e-05,0.46432989835739136,0.5181775093078613,0.05471831560134888,0.4369255602359772,0.5302401781082153,0.0032979431562125683,0.44641780853271484,0.5028148889541626,0.052067648619413376
0418,./images/2/frame_00418.jpg,Fall,0.5202358365058899,0.42950236797332764,-0.02368670329451561,0.5194677710533142,0.4221346080303192,-0.03518547862768173,0.5195425748825073,0.421538770198822,-0.03517848625779152,0.5196958780288696,0.421162486076355,-0.035192087292671204,0.5197948217391968,0.4219024181365967,-0.027210626751184464,0.5201417207717896,0.4211135804653168,-0.0272262804210186,0.5206083059310913,0.4205273985862732,-0.027266770601272583,0.5225334763526917,0.41680824756622314,-0.067225381731987,0.5240626335144043,0.4155987501144409,-0.03082936629652977,0.5219877362251282,0.4313286542892456,-0.03339039161801338,0.5225327014923096,0.4314226508140564,-0.022879216820001602,0.5315443873405457,0.43872007727622986,-0.08855131268501282,0.5408347249031067,0.43275895714759827,0.0007759371073916554,0.5093518495559692,0.4748455584049225,-0.06857812404632568,0.5263017416000366,0.4744284749031067,0.05039357393980026,0.49258437752723694,0.44823968410491943,-0.0068748751655220985,0.5117536783218384,0.4672231078147888,0.0848396047949791,0.4881879389286041,0.44749411940574646,-0.005922515876591206,0.5088993906974792,0.4680881202220917,0.09541785717010498,0.4915921092033386,0.4419684112071991,-0.002022817265242338,0.5070485472679138,0.4630364179611206,0.08702688664197922,0.4944149851799011,0.44292178750038147,-0.0034900750033557415,0.5081627368927002,0.46237805485725403,0.08286436647176743,0.5143626928329468,0.5150954127311707,-0.03958112746477127,0.5176216959953308,0.5101369023323059,0.03956412523984909,0.4802475869655609,0.46872472763061523,-0.0494270920753479,0.48801666498184204,0.4547765851020813,0.02969837561249733,0.45510172843933105,0.530920147895813,-0.0051822843961417675,0.463817834854126,0.5048384666442871,0.056749336421489716,0.4569074511528015,0.5464291572570801,0.0005363026284612715,0.4644138216972351,0.51814204454422,0.05861451104283333,0.4370229244232178,0.5300573110580444,0.005328168161213398,0.4465007185935974,0.5027830600738525,0.05557768791913986
0419,./images/2/frame_00419.jpg,Fall,0.5201998353004456,0.43022680282592773,-0.02588893100619316,0.5194249749183655,0.4226965606212616,-0.03773079439997673,0.5195272564888,0.42202305793762207,-0.03772168606519699,0.5196793079376221,0.4215242564678192,-0.037736691534519196,0.5197344422340393,0.42244160175323486,-0.029800575226545334,0.5200737714767456,0.42160648107528687,-0.029816249385476112,0.520547091960907,0.42098116874694824,-0.02985663153231144,0.5226174592971802,0.4167906939983368,-0.06843336671590805,0.5240532159805298,0.4156590402126312,-0.030566226691007614,0.5219751596450806,0.43176838755607605,-0.03573661297559738,0.5224964022636414,0.43190065026283264,-0.025366108864545822,0.5325382947921753,0.43874067068099976,-0.08949527144432068,0.5406731963157654,0.4327378273010254,0.0016645485302433372,0.5098369717597961,0.47625601291656494,-0.07246877253055573,0.5260047316551208,0.47501230239868164,0.04919424280524254,0.4927371144294739,0.4506879150867462,-0.02089046500623226,0.5111313462257385,0.46915996074676514,0.0642513707280159,0.4877869486808777,0.44768956303596497,-0.020909296348690987,0.5080168843269348,0.46985143423080444,0.07311934977769852,0.49112486839294434,0.4424302875995636,-0.01576831564307213,0.5060950517654419,0.4637713134288788,0.06531766802072525,0.4940308630466461,0.4433754086494446,-0.017152857035398483,0.5072523355484009,0.4631190896034241,0.062057994306087494,0.514603853225708,0.5156634449958801,-0.039505936205387115,0.5175358057022095,0.5101364850997925,0.03948273882269859,0.48023271560668945,0.4685775637626648,-0.04863547906279564,0.4878353178501129,0.45500171184539795,0.029598474502563477,0.45498576760292053,0.5307914614677429,-0.004992129281163216,0.463844358921051,0.505734384059906,0.053763993084430695,0.45736002922058105,0.5464732050895691,0.0008058379171416163,0.4644371569156647,0.5188890695571899,0.05533791333436966,0.4377133250236511,0.5319201350212097,0.00660592969506979,0.4465208649635315,0.5048421621322632,0.053385816514492035
0420,./images/2/frame_00420.jpg,Fall,0.520123302936554,0.43038004636764526,-0.027117792516946793,0.5193800926208496,0.4228565990924835,-0.03874756395816803,0.5194936990737915,0.42212507128715515,-0.03873828798532486,0.5196641683578491,0.4216260612010956,-0.038752999156713486,0.5196799635887146,0.42259785532951355,-0.03071962669491768,0.5200180411338806,0.4217625856399536,-0.030733412131667137,0.5204576849937439,0.42107996344566345,-0.030773337930440903,0.5226532220840454,0.41677767038345337,-0.06858070194721222,0.5240379571914673,0.415689080953598,-0.030838195234537125,0.521901547908783,0.43179070949554443,-0.03675728291273117,0.5223938226699829,0.43197712302207947,-0.026243526488542557,0.5327499508857727,0.4386887550354004,-0.0900200754404068,0.5404459238052368,0.4327392578125,0.0012320397654548287,0.5100436210632324,0.4763796925544739,-0.07286336272954941,0.5252608060836792,0.4750249683856964,0.04389762133359909,0.49282559752464294,0.45130518078804016,-0.022804314270615578,0.5100747346878052,0.4713969826698303,0.05782337859272957,0.4876214861869812,0.44809168577194214,-0.022951599210500717,0.506690502166748,0.47276318073272705,0.06613107025623322,0.49090108275413513,0.44283998012542725,-0.017724651843309402,0.5048555135726929,0.4662989675998688,0.058565400540828705,0.4938472807407379,0.443770170211792,-0.01906047947704792,0.5060757994651794,0.46529796719551086,0.055650513619184494,0.5146185755729675,0.5157870650291443,-0.03940296545624733,0.5171312689781189,0.5101418495178223,0.03937581926584244,0.48032593727111816,0.4679836332798004,-0.04816925525665283,0.48775649070739746,0.4550230801105499,0.03005327843129635,0.45559149980545044,0.5307894349098206,-0.004777940921485424,0.463856041431427,0.5060861706733704,0.05599193647503853,0.45761528611183167,0.5463912487030029,0.000994606176391244,0.4644579291343689,0.5191459059715271,0.05774122476577759,0.4381679892539978,0.5314728617668152,0.006851681508123875,0.4462447762489319,0.5056387782096863,0.05602492764592171
0421,./images/2/frame_00421.jpg,Fall,0.5197508931159973,0.42912620306015015,-0.02090500481426716,0.5192788243293762,0.42178472876548767,-0.0313231386244297,0.5194165706634521,0.4210948050022125,-0.03131461888551712,0.5195979475975037,0.4205944538116455,-0.03132868558168411,0.5195602774620056,0.4216373860836029,-0.023450763896107674,0.5199153423309326,0.4208667278289795,-0.023462485522031784,0.5203508138656616,0.4202481508255005,-0.023504002019762993,0.5226517915725708,0.4161524176597595,-0.06021338701248169,0.5240377187728882,0.4151700437068939,-0.024347545579075813,0.5216007232666016,0.43061497807502747,-0.029922470450401306,0.5220209360122681,0.4308483898639679,-0.01959936134517193,0.5323787331581116,0.43829062581062317,-0.08361490815877914,0.5404434204101562,0.43275150656700134,0.004109057132154703,0.5099035501480103,0.4745353162288666,-0.06896184384822845,0.525114893913269,0.4748355448246002,0.031924933195114136,0.49412304162979126,0.45125913619995117,-0.015209106728434563,0.5103391408920288,0.47170746326446533,0.037694402039051056,0.4887474477291107,0.44743725657463074,-0.01468880008906126,0.5068215727806091,0.4732428193092346,0.04427896812558174,0.49197453260421753,0.44236502051353455,-0.01013845857232809,0.505341649055481,0.4669216573238373,0.03845202922821045,0.49475377798080444,0.44348543882369995,-0.011645963415503502,0.5064932107925415,0.4658971428871155,0.03587557375431061,0.5147628784179688,0.5155810117721558,-0.039173051714897156,0.516939640045166,0.5102313756942749,0.0391232967376709,0.4802927076816559,0.46999141573905945,-0.04779767617583275,0.4878629744052887,0.45497259497642517,0.02871048077940941,0.455455482006073,0.5328941941261292,-0.013268785551190376,0.4638898968696594,0.50593101978302,0.05273462459445,0.45753830671310425,0.5484423041343689,-0.008533809334039688,0.4645636975765228,0.5189028978347778,0.05444019287824631,0.4380531907081604,0.532676637172699,-0.005769509822130203,0.4471254348754883,0.5051817297935486,0.053101904690265656
0422,./images/2/frame_00422.jpg,Fall,0.519490122795105,0.4277275502681732,-0.020662900060415268,0.5192087292671204,0.4206301271915436,-0.03059353306889534,0.5193647146224976,0.4200378358364105,-0.030585721135139465,0.5195537805557251,0.41961607336997986,-0.030601179227232933,0.5194636583328247,0.4204391837120056,-0.022401761263608932,0.5198497176170349,0.4195074439048767,-0.02241400070488453,0.5202860832214355,0.4189041256904602,-0.022452477365732193,0.5226507782936096,0.41556498408317566,-0.05772194266319275,0.5240419507026672,0.41443198919296265,-0.020451823249459267,0.5214110612869263,0.42933547496795654,-0.029105762019753456,0.5216550827026367,0.42928335070610046,-0.01837294176220894,0.5321995615959167,0.4382423758506775,-0.08104592561721802,0.5398921370506287,0.4330248534679413,0.00896749459207058,0.5098880529403687,0.47100621461868286,-0.06808872520923615,0.523855447769165,0.47300711274147034,0.030714591965079308,0.4950931668281555,0.44636213779449463,-0.013429743237793446,0.5105993151664734,0.46779686212539673,0.030644115060567856,0.4898579716682434,0.4410914182662964,-0.01306412648409605,0.5071559548377991,0.4681842029094696,0.03625349700450897,0.49311232566833496,0.4364545941352844,-0.008303757756948471,0.5060912370681763,0.46242740750312805,0.031193453818559647,0.4957166314125061,0.43815118074417114,-0.00980774499475956,0.5071518421173096,0.4620019793510437,0.028889808803796768,0.5147541165351868,0.5158665180206299,-0.039140764623880386,0.5164347887039185,0.510312020778656,0.039094481617212296,0.4802115857601166,0.471062034368515,-0.04846905916929245,0.4874657690525055,0.45480725169181824,0.026450593024492264,0.4553859829902649,0.5349538326263428,-0.016654426231980324,0.46386003494262695,0.5066820979118347,0.047825489193201065,0.4574447572231293,0.5508072376251221,-0.012068000622093678,0.46456900238990784,0.5197063684463501,0.049251995980739594,0.4375665783882141,0.5345976948738098,-0.009805647656321526,0.4471254348754883,0.5061461925506592,0.04764033854007721
0423,./images/2/frame_00423.jpg,Fall,0.5193387866020203,0.4271232485771179,-0.021851027384400368,0.5191805958747864,0.42000168561935425,-0.031220531091094017,0.5193517804145813,0.4194405972957611,-0.031214360147714615,0.5195484161376953,0.4190373420715332,-0.031229671090841293,0.5193820595741272,0.4197850525379181,-0.02230779454112053,0.5197685956954956,0.41880279779434204,-0.022315513342618942,0.5201865434646606,0.41819384694099426,-0.022348817437887192,0.5227097272872925,0.41471973061561584,-0.0553775429725647,0.524029016494751,0.41385823488235474,-0.01421286165714264,0.5212998390197754,0.4287305474281311,-0.029521476477384567,0.521401047706604,0.4285479187965393,-0.017809217795729637,0.5331119894981384,0.438218891620636,-0.07934930920600891,0.5387150645256042,0.4329216778278351,0.017857465893030167,0.5100685358047485,0.46907687187194824,-0.07011781632900238,0.5217450261116028,0.4700503349304199,0.03264448419213295,0.49578142166137695,0.442471444606781,-0.024424321949481964,0.5107830762863159,0.4618808329105377,0.02399827353656292,0.49047303199768066,0.43666189908981323,-0.02548130415380001,0.5075463652610779,0.4612668752670288,0.02833040989935398,0.4937683045864105,0.43188437819480896,-0.019914325326681137,0.5068557858467102,0.455265074968338,0.023713232949376106,0.49634265899658203,0.43375739455223083,-0.02061404287815094,0.5077288150787354,0.4552961587905884,0.02204180136322975,0.5148749351501465,0.5167019963264465,-0.03953755646944046,0.5156774520874023,0.5102956295013428,0.039490956813097,0.4801517426967621,0.47102266550064087,-0.05091000720858574,0.48582735657691956,0.4548143744468689,0.026096070185303688,0.4553138315677643,0.5353261232376099,-0.01846902444958687,0.4635990262031555,0.5090334415435791,0.04570942744612694,0.45733165740966797,0.5511773228645325,-0.013797709718346596,0.46455663442611694,0.5222144722938538,0.046969182789325714,0.43750786781311035,0.5358527898788452,-0.010490132495760918,0.44712352752685547,0.5067513585090637,0.04587309807538986
0424,./images/2/frame_00424.jpg,Fall,0.5192746520042419,0.42556941509246826,-0.023018082603812218,0.5191781520843506,0.41878074407577515,-0.032691650092601776,0.519349992275238,0.41830897331237793,-0.03268635645508766,0.519546389579773,0.41786816716194153,-0.03270263224840164,0.5193822979927063,0.41835302114486694,-0.023659205064177513,0.5197643041610718,0.4175183176994324,-0.023666856810450554,0.5201781392097473,0.4169311225414276,-0.02370065450668335,0.5227370858192444,0.414023220539093,-0.057894330471754074,0.5240281224250793,0.4131004810333252,-0.015865666791796684,0.5212420225143433,0.42754483222961426,-0.030940979719161987,0.5213480591773987,0.42719700932502747,-0.019053421914577484,0.5329678654670715,0.438242644071579,-0.08169002085924149,0.5387879014015198,0.43285077810287476,0.017868762835860252,0.5096875429153442,0.46874189376831055,-0.07217608392238617,0.5220011472702026,0.4698065519332886,0.04551141336560249,0.49544769525527954,0.4399673044681549,-0.02684362232685089,0.5109074115753174,0.4608217477798462,0.03892658278346062,0.4899122714996338,0.4337261915206909,-0.0285312719643116,0.507931649684906,0.4600684344768524,0.03720194101333618,0.49339136481285095,0.4285082519054413,-0.02346590720117092,0.5072301030158997,0.4538460075855255,0.03602881357073784,0.49601835012435913,0.4305677115917206,-0.02328467182815075,0.5079905390739441,0.4539414644241333,0.03627284988760948,0.5148513913154602,0.5177717804908752,-0.040174033492803574,0.5155475735664368,0.5102773904800415,0.04014494642615318,0.4799065589904785,0.4709862172603607,-0.05116184428334236,0.48530879616737366,0.45625337958335876,0.026069587096571922,0.45528140664100647,0.5363194942474365,-0.014724026434123516,0.46330204606056213,0.5106176733970642,0.04819997772574425,0.45729684829711914,0.5521971583366394,-0.009722469374537468,0.46444910764694214,0.5238583087921143,0.049754682928323746,0.4373854994773865,0.5375596284866333,-0.007397533394396305,0.4468959867954254,0.5101096034049988,0.04814674332737923
0425,./images/2/frame_00425.jpg,Fall,0.5192821621894836,0.425445556640625,-0.020974140614271164,0.5191987752914429,0.41873738169670105,-0.030674979090690613,0.5193642973899841,0.4182673692703247,-0.030671972781419754,0.5195502638816833,0.4178517758846283,-0.030687903985381126,0.5194097757339478,0.41831696033477783,-0.021811777725815773,0.519795835018158,0.41746091842651367,-0.021814409643411636,0.5202042460441589,0.4168582856655121,-0.021848130971193314,0.5227700471878052,0.41399356722831726,-0.056981075555086136,0.5240818858146667,0.4128766655921936,-0.01669551059603691,0.5212451219558716,0.4274212718009949,-0.02904086746275425,0.5213537216186523,0.42707404494285583,-0.01739524118602276,0.5328353047370911,0.4379514157772064,-0.08143021166324615,0.5389035940170288,0.43297266960144043,0.015856986865401268,0.5088316798210144,0.46770498156547546,-0.07047174125909805,0.5232539176940918,0.47007909417152405,0.053707849234342575,0.49497222900390625,0.4389348328113556,-0.025377660989761353,0.5136584043502808,0.4620650112628937,0.07239232212305069,0.48946577310562134,0.43280431628227234,-0.02543734945356846,0.5116174817085266,0.46193602681159973,0.07984530925750732,0.4929714798927307,0.42770665884017944,-0.020212704315781593,0.5103462338447571,0.45602214336395264,0.07402154803276062,0.4956223964691162,0.4297275245189667,-0.021758390590548515,0.5109924077987671,0.45578306913375854,0.07064876705408096,0.5148393511772156,0.5184788703918457,-0.04015255346894264,0.5155836939811707,0.5103099346160889,0.040125224739313126,0.4798154830932617,0.4718579053878784,-0.05074062943458557,0.48514193296432495,0.45683637261390686,0.0238487645983696,0.45524853467941284,0.5374496579170227,-0.01276746392250061,0.46066027879714966,0.5101982355117798,0.04787207022309303,0.45723429322242737,0.5528596043586731,-0.007289099507033825,0.4643608033657074,0.5236615538597107,0.04958140105009079,0.43723949790000916,0.5398812890052795,-0.005085276439785957,0.4468359053134918,0.5111162662506104,0.04659699648618698
0426,./images/2/frame_00426.jpg,Fall,0.519289493560791,0.4244801700115204,-0.0215607937425375,0.5191953182220459,0.4180600941181183,-0.032005760818719864,0.5193435549736023,0.4176628887653351,-0.03200792893767357,0.5194950699806213,0.4173758625984192,-0.032030463218688965,0.5194259285926819,0.4175657629966736,-0.023482464253902435,0.5198150873184204,0.41680586338043213,-0.023490196093916893,0.5202289819717407,0.416239470243454,-0.023525429889559746,0.5226527452468872,0.4138800799846649,-0.06050238758325577,0.5240978598594666,0.41241374611854553,-0.022459963336586952,0.5212000608444214,0.42667943239212036,-0.03002477064728737,0.5213723182678223,0.42633628845214844,-0.018920348957180977,0.5307806134223938,0.4378358721733093,-0.08359767496585846,0.5398433208465576,0.4325215220451355,0.012676703743636608,0.5069656372070312,0.4675167500972748,-0.064254529774189,0.5273206830024719,0.4711907207965851,0.05795126035809517,0.49341726303100586,0.4387695789337158,-0.005210540257394314,0.5157910585403442,0.4633929431438446,0.09573490917682648,0.4885323941707611,0.43365317583084106,-0.0045244512148201466,0.5133126974105835,0.46415239572525024,0.10588808357715607,0.49203673005104065,0.4283596873283386,-0.0019845725037157536,0.5121188163757324,0.458543062210083,0.0988905131816864,0.4947889745235443,0.43035998940467834,-0.0022629243321716785,0.512954831123352,0.4580163359642029,0.09433381259441376,0.514811098575592,0.5188015103340149,-0.04007609188556671,0.515652060508728,0.5104719996452332,0.04005008190870285,0.47956791520118713,0.47244369983673096,-0.04782376438379288,0.48542094230651855,0.45675477385520935,0.024957522749900818,0.45495232939720154,0.5370950102806091,-0.0036529446952044964,0.45999035239219666,0.5101165175437927,0.0508018434047699,0.4572054445743561,0.5544246435165405,0.0024395063519477844,0.46432194113731384,0.5231868028640747,0.05308160185813904,0.43710604310035706,0.5406255125999451,0.005378645844757557,0.44700661301612854,0.5102928876876831,0.04879749193787575
0427,./images/2/frame_00427.jpg,Fall,0.519292950630188,0.4231022298336029,-0.03477522358298302,0.5191770195960999,0.41692572832107544,-0.04513099044561386,0.5192986130714417,0.4166816771030426,-0.04512548819184303,0.519417405128479,0.41658341884613037,-0.04514721781015396,0.519429624080658,0.4162854552268982,-0.03652369603514671,0.5198251605033875,0.4155559539794922,-0.036538321524858475,0.5202515721321106,0.4150034189224243,-0.036574993282556534,0.5226126313209534,0.4136923849582672,-0.07256808876991272,0.5241358280181885,0.4116171896457672,-0.033812619745731354,0.5211406946182251,0.4258868396282196,-0.042943961918354034,0.5213872194290161,0.4252643585205078,-0.03173249959945679,0.5298434495925903,0.43837013840675354,-0.09271319955587387,0.5404664278030396,0.4315473735332489,0.0012231325963512063,0.5057817697525024,0.4677633047103882,-0.06885723769664764,0.5288451910018921,0.47105729579925537,0.05351869389414787,0.4909802973270416,0.43858757615089417,-0.008093589916825294,0.5155855417251587,0.46409374475479126,0.09022503346204758,0.4858115613460541,0.43526098132133484,-0.008388199843466282,0.5128270387649536,0.464286208152771,0.0999148041009903,0.4895779490470886,0.4296978712081909,-0.007566710468381643,0.5115870237350464,0.4590969979763031,0.09211243689060211,0.49259233474731445,0.431596964597702,-0.006007068790495396,0.5124884843826294,0.4584779143333435,0.08848119527101517,0.5147453546524048,0.5192444920539856,-0.04003133624792099,0.5158411860466003,0.5101935267448425,0.04000809043645859,0.479196161031723,0.4725918173789978,-0.04693190008401871,0.4855765700340271,0.4566388726234436,0.02549857832491398,0.45495375990867615,0.5383831262588501,0.004724464844912291,0.45957908034324646,0.5100379586219788,0.05778186395764351,0.4571627974510193,0.5546247959136963,0.011566313914954662,0.464092493057251,0.5232815146446228,0.06062532216310501,0.43706387281417847,0.5408965945243835,0.01585696078836918,0.44691386818885803,0.5106541514396667,0.057071395218372345
0428,./images/2/frame_00428.jpg,Fall,0.5191226601600647,0.42325088381767273,-0.04269993677735329,0.5190085768699646,0.4169737994670868,-0.05243685841560364,0.5191660523414612,0.4167286455631256,-0.05243074893951416,0.5193325281143188,0.4166092276573181,-0.052451301366090775,0.5192211866378784,0.4162701964378357,-0.042939186096191406,0.5195959806442261,0.41550734639167786,-0.04295039921998978,0.5200161337852478,0.41490644216537476,-0.04298332333564758,0.5226756930351257,0.4137040078639984,-0.07721357047557831,0.5241318941116333,0.4113471508026123,-0.03447534888982773,0.5211032032966614,0.4259675443172455,-0.05005725100636482,0.5213502049446106,0.425411194562912,-0.037627749145030975,0.5333659648895264,0.4404122233390808,-0.09697313606739044,0.5398451089859009,0.43104279041290283,0.001992433099076152,0.5061537027359009,0.47182220220565796,-0.07489947229623795,0.5244792699813843,0.4705486595630646,0.05336133390665054,0.4899715781211853,0.4411148428916931,-0.02228502556681633,0.5093080401420593,0.4641420543193817,0.08141566812992096,0.48337531089782715,0.43912917375564575,-0.023680154234170914,0.5057903528213501,0.4656190276145935,0.08990050107240677,0.48733776807785034,0.43191447854042053,-0.02142997272312641,0.5048859119415283,0.4596785604953766,0.08151926100254059,0.4906674027442932,0.43334299325942993,-0.01964431442320347,0.506101131439209,0.45862019062042236,0.07909072935581207,0.5147227644920349,0.5203741192817688,-0.04030603542923927,0.5156797170639038,0.5091086030006409,0.04029947519302368,0.47856274247169495,0.47202783823013306,-0.05077783018350601,0.4854657053947449,0.45606476068496704,0.024007517844438553,0.4551718235015869,0.5383002161979675,0.0067864954471588135,0.4584478437900543,0.5101633667945862,0.05726839229464531,0.45756474137306213,0.5542322993278503,0.014398512430489063,0.4634784758090973,0.524044394493103,0.06051365286111832,0.4370284974575043,0.5422881245613098,0.020123429596424103,0.4460148811340332,0.5104277729988098,0.05435159057378769
0429,./images/2/frame_00429.jpg,Fall,0.5186694264411926,0.423361599445343,-0.03713680058717728,0.5186278820037842,0.4169761538505554,-0.04784345254302025,0.5188320279121399,0.4167117178440094,-0.047836337238550186,0.5190588235855103,0.41655880212783813,-0.04785742610692978,0.5187708735466003,0.41630256175994873,-0.04098678380250931,0.5191186666488647,0.41554391384124756,-0.04103465750813484,0.519527018070221,0.414946585893631,-0.0410909466445446,0.5226648449897766,0.4136013984680176,-0.07463835924863815,0.5240112543106079,0.41129446029663086,-0.025901366025209427,0.5207957029342651,0.4260353446006775,-0.045163799077272415,0.5210150480270386,0.4255080223083496,-0.03517816215753555,0.5345228314399719,0.44056403636932373,-0.09405817091464996,0.5384490489959717,0.4310842752456665,0.008693791925907135,0.506535530090332,0.47443029284477234,-0.07423807680606842,0.5200320482254028,0.4713279604911804,0.04089312627911568,0.4896329939365387,0.4427967369556427,-0.020786236971616745,0.504485011100769,0.4715037941932678,0.04121235013008118,0.4825889468193054,0.44125527143478394,-0.021630065515637398,0.5005859136581421,0.47401291131973267,0.04624708369374275,0.48659998178482056,0.434114545583725,-0.017713163048028946,0.49988609552383423,0.4678025543689728,0.03878587484359741,0.48993149399757385,0.4355279803276062,-0.017373181879520416,0.5014127492904663,0.4664013385772705,0.03840463608503342,0.5147055387496948,0.5206173062324524,-0.040814414620399475,0.5153235197067261,0.5090938806533813,0.04080137610435486,0.4779740869998932,0.470963716506958,-0.0519634373486042,0.485431045293808,0.45601898431777954,0.02651871368288994,0.45516639947891235,0.5381176471710205,0.0015699611976742744,0.4588426649570465,0.512144923210144,0.056795381009578705,0.4575660228729248,0.5539782047271729,0.009440427646040916,0.463277667760849,0.5256816148757935,0.05985882878303528,0.43695420026779175,0.5426180362701416,0.014170676469802856,0.4455053210258484,0.5105531215667725,0.054608095437288284
0430,./images/2/frame_00430.jpg,Fall,0.518212616443634,0.4234120547771454,-0.035335998982191086,0.5182787179946899,0.41700607538223267,-0.04523073509335518,0.518525242805481,0.41673561930656433,-0.04522423818707466,0.5188068747520447,0.41656196117401123,-0.04524341970682144,0.5183401703834534,0.4163137972354889,-0.03774792701005936,0.5186666250228882,0.41555196046829224,-0.03778710216283798,0.5191056728363037,0.4149605333805084,-0.037840407341718674,0.5226300358772278,0.41359448432922363,-0.07045897841453552,0.5236997604370117,0.4112502634525299,-0.02183741331100464,0.5204839110374451,0.42609864473342896,-0.04302867129445076,0.5206617712974548,0.4255842864513397,-0.032558292150497437,0.534576416015625,0.4404367208480835,-0.09350060671567917,0.5366945862770081,0.4310723543167114,0.012940468266606331,0.5066037774085999,0.47504547238349915,-0.07529877126216888,0.5177464485168457,0.47137242555618286,0.027029776945710182,0.48954638838768005,0.4461267292499542,-0.022352498024702072,0.503146767616272,0.4754379689693451,0.005914249457418919,0.48245540261268616,0.4419921338558197,-0.023327384144067764,0.4991709589958191,0.47874578833580017,0.008317483589053154,0.48644113540649414,0.4352307617664337,-0.018366511911153793,0.49886879324913025,0.472945898771286,0.0019068451365455985,0.4897191524505615,0.43672558665275574,-0.01843148097395897,0.5005343556404114,0.47132623195648193,0.0029661771841347218,0.5146908760070801,0.520780622959137,-0.04122822731733322,0.5144253373146057,0.508967399597168,0.04120394587516785,0.47772151231765747,0.47078344225883484,-0.05592380091547966,0.4843169152736664,0.4560360908508301,0.02565806731581688,0.455153226852417,0.5379031300544739,-0.004776837304234505,0.4592229723930359,0.5138601660728455,0.051511745899915695,0.4575856626033783,0.5536046028137207,0.0024373356718569994,0.46286410093307495,0.5272402763366699,0.0533980131149292,0.43691134452819824,0.5426732897758484,0.010240612551569939,0.4447149634361267,0.5134913921356201,0.049852486699819565
0431,./images/2/frame_00431.jpg,Fall,0.5181428790092468,0.42239493131637573,-0.03513019531965256,0.5181884169578552,0.41602516174316406,-0.0445559099316597,0.5184430480003357,0.41588038206100464,-0.044549454003572464,0.5186977982521057,0.415829598903656,-0.04457046091556549,0.518301784992218,0.41533130407333374,-0.03630303591489792,0.5186363458633423,0.41460758447647095,-0.036322422325611115,0.5191047191619873,0.4141315817832947,-0.03636494278907776,0.5224961042404175,0.4134199321269989,-0.06974226981401443,0.5236418843269348,0.41101977229118347,-0.026216814294457436,0.5203589200973511,0.42554181814193726,-0.04275311157107353,0.5206093788146973,0.42504775524139404,-0.031696829944849014,0.5327192544937134,0.4403642416000366,-0.09255678951740265,0.5371465682983398,0.4318138062953949,0.00620334642007947,0.5064743757247925,0.4733021557331085,-0.06737662851810455,0.5178269147872925,0.4722685217857361,0.03415130078792572,0.48966819047927856,0.4422304928302765,-0.007360285613685846,0.5041873455047607,0.47710558772087097,0.028875771909952164,0.4826379716396332,0.4356865882873535,-0.007361814379692078,0.5010083317756653,0.48051512241363525,0.03875382989645004,0.48648732900619507,0.4301125705242157,-0.0038459983188658953,0.4999013841152191,0.4753250181674957,0.03251006826758385,0.48981285095214844,0.4323676526546478,-0.004033518955111504,0.5010959506034851,0.47373560070991516,0.026821250095963478,0.5146642923355103,0.5207226872444153,-0.04121499881148338,0.5145367383956909,0.5090587735176086,0.04119330272078514,0.47738367319107056,0.47081393003463745,-0.053064338862895966,0.4843566417694092,0.4551123380661011,0.030398592352867126,0.454786479473114,0.5384522080421448,-0.0014851901214569807,0.45955267548561096,0.5134274363517761,0.05926815792918205,0.45722827315330505,0.554105818271637,0.0053991517052054405,0.46282893419265747,0.5268766283988953,0.06149769574403763,0.43613576889038086,0.5423467755317688,0.011378047056496143,0.4448070526123047,0.5127748847007751,0.058911629021167755
0432,./images/2/frame_00432.jpg,Fall,0.5180115103721619,0.4214339852333069,-0.03466170281171799,0.5179734826087952,0.41514888405799866,-0.0442703478038311,0.5181384682655334,0.41505521535873413,-0.04426220431923866,0.5182851552963257,0.41511544585227966,-0.044282130897045135,0.5182216167449951,0.4144114553928375,-0.03598416596651077,0.5185802578926086,0.4137088656425476,-0.03599829226732254,0.5190315246582031,0.4132232964038849,-0.03603871911764145,0.5220324397087097,0.41333186626434326,-0.07058635354042053,0.5235876441001892,0.41074588894844055,-0.031942348927259445,0.5201212167739868,0.424879789352417,-0.04267502948641777,0.5205193161964417,0.42430463433265686,-0.03178025409579277,0.5300016403198242,0.440274715423584,-0.09189031273126602,0.5380808115005493,0.4305495023727417,-0.00042751868022605777,0.5051200985908508,0.4732610583305359,-0.06329558789730072,0.5229644775390625,0.47385433316230774,0.03562057763338089,0.4895678162574768,0.44245830178260803,0.0003627249679993838,0.506608784198761,0.4800601899623871,0.059904180467128754,0.4828921854496002,0.43627989292144775,0.001226381165906787,0.5025224685668945,0.48372793197631836,0.0677746832370758,0.4868099093437195,0.43069788813591003,0.004430897533893585,0.50119948387146,0.47898897528648376,0.06008436158299446,0.490007221698761,0.43286019563674927,0.0036266609095036983,0.5027211904525757,0.47743263840675354,0.057886820286512375,0.5145222544670105,0.5207040309906006,-0.04101621359586716,0.5146524906158447,0.5092249512672424,0.04098140820860863,0.47711068391799927,0.4708060324192047,-0.04906677454710007,0.48449015617370605,0.4530947804450989,0.03023320809006691,0.45452409982681274,0.5383612513542175,0.0003379691916052252,0.4599079191684723,0.512958288192749,0.061656080186367035,0.4569220542907715,0.5546525120735168,0.007041072007268667,0.4628222584724426,0.5267057418823242,0.06415589898824692,0.43568095564842224,0.5427927374839783,0.012979373335838318,0.4448886513710022,0.5123059749603271,0.06208864599466324
0433,./images/2/frame_00433.jpg,Fall,0.5175631046295166,0.4206056296825409,-0.03767804428935051,0.5175389051437378,0.414461225271225,-0.04763047397136688,0.5176278352737427,0.414467453956604,-0.04761623963713646,0.5176972150802612,0.41467317938804626,-0.04763633385300636,0.5179415941238403,0.41353684663772583,-0.03955855593085289,0.5183383226394653,0.41281425952911377,-0.03957518935203552,0.5188568234443665,0.41202351450920105,-0.03961478918790817,0.5214952230453491,0.4133366048336029,-0.07457081973552704,0.5234169960021973,0.4104763865470886,-0.037879206240177155,0.5194868445396423,0.4245140552520752,-0.04582208767533302,0.5200923681259155,0.4236290454864502,-0.03528396040201187,0.5284872651100159,0.44065847992897034,-0.09172984957695007,0.5384500622749329,0.429546058177948,-0.0059155551716685295,0.5045490860939026,0.47390657663345337,-0.05833537504076958,0.5247355699539185,0.4738956391811371,0.03689521923661232,0.4898309111595154,0.44163405895233154,0.008460134267807007,0.5078378915786743,0.479763001203537,0.0696881115436554,0.48344412446022034,0.43642839789390564,0.009768195450305939,0.5033858418464661,0.48344945907592773,0.0775466114282608,0.48780545592308044,0.4309306740760803,0.01231746468693018,0.5020948648452759,0.47906023263931274,0.06914538890123367,0.49071773886680603,0.43309640884399414,0.011509639210999012,0.5037917494773865,0.4775553047657013,0.06756754964590073,0.5144252181053162,0.5206716656684875,-0.040114521980285645,0.5148758292198181,0.5091763138771057,0.040085695683956146,0.4768208861351013,0.4706391990184784,-0.04891996830701828,0.48480039834976196,0.4531095325946808,0.02607007324695587,0.4542234539985657,0.5373232364654541,0.0027476248797029257,0.460087388753891,0.5124380588531494,0.06035589426755905,0.4566527307033539,0.5545107126235962,0.00970047153532505,0.4627169966697693,0.5257802605628967,0.0629759207367897,0.43551960587501526,0.5425398349761963,0.014153607189655304,0.44494739174842834,0.512013852596283,0.06003807112574577
0434,./images/2/frame_00434.jpg,Fall,0.5169827938079834,0.4188885986804962,-0.04250519350171089,0.516971230506897,0.41329294443130493,-0.05300294607877731,0.5169672966003418,0.41348519921302795,-0.052988745272159576,0.5169442892074585,0.4139007031917572,-0.053014613687992096,0.517585039138794,0.41205841302871704,-0.04517456144094467,0.518121600151062,0.4109034538269043,-0.045196618884801865,0.5186562538146973,0.4102083742618561,-0.04523792490363121,0.5205758810043335,0.4132442772388458,-0.07962404191493988,0.5231283903121948,0.40916022658348083,-0.04417242854833603,0.518864095211029,0.4230763018131256,-0.05020527169108391,0.5195924639701843,0.42190665006637573,-0.03998495638370514,0.5266520380973816,0.44116178154945374,-0.09222854673862457,0.5385919809341431,0.42893341183662415,-0.010748511180281639,0.5040319561958313,0.4737817049026489,-0.05478475242853165,0.5261472463607788,0.47187161445617676,0.03988204896450043,0.48997241258621216,0.4412744343280792,0.014572140760719776,0.5087500810623169,0.4790937304496765,0.07740180194377899,0.4842102527618408,0.4367012083530426,0.015952887013554573,0.5038672685623169,0.4825693666934967,0.08585090190172195,0.4887036681175232,0.4310573637485504,0.01750749535858631,0.502458930015564,0.4770728647708893,0.07675370573997498,0.4914725720882416,0.43315479159355164,0.017211008816957474,0.5043385624885559,0.4757183790206909,0.07520635426044464,0.5142729878425598,0.5206113457679749,-0.03903127461671829,0.5151351690292358,0.509030818939209,0.03901301324367523,0.4765926003456116,0.4705849885940552,-0.049865271896123886,0.4850967526435852,0.4532093107700348,0.020972589030861855,0.45404261350631714,0.5364586710929871,0.0028335528913885355,0.4605441987514496,0.5111446976661682,0.05980529636144638,0.4565042555332184,0.5544013381004333,0.00986183900386095,0.4626656174659729,0.5243850946426392,0.06280533969402313,0.4373179078102112,0.5423299074172974,0.012956229038536549,0.4453009068965912,0.5099945664405823,0.059225358068943024
0435,./images/2/frame_00435.jpg,Fall,0.5162147283554077,0.41890543699264526,-0.037502579391002655,0.5161856412887573,0.41336673498153687,-0.050129592418670654,0.5161477327346802,0.41353538632392883,-0.050101060420274734,0.5160974860191345,0.4139261543750763,-0.050133638083934784,0.5168679356575012,0.41215574741363525,-0.044978585094213486,0.5173696279525757,0.4111495018005371,-0.0450267493724823,0.5178617238998413,0.4105096459388733,-0.04509422183036804,0.5194396376609802,0.4132758677005768,-0.07651162892580032,0.5223589539527893,0.4090512692928314,-0.040229495614767075,0.5180226564407349,0.42302700877189636,-0.0465131551027298,0.5188335180282593,0.4217014014720917,-0.038883090019226074,0.5253313779830933,0.44066330790519714,-0.08973951637744904,0.539658784866333,0.4290471076965332,-0.008842102251946926,0.5031019449234009,0.47259703278541565,-0.04861125722527504,0.5271050930023193,0.47177523374557495,0.03920264542102814,0.492128849029541,0.4430253207683563,0.0238171499222517,0.510543942451477,0.4781705141067505,0.07012753188610077,0.48726218938827515,0.43791911005973816,0.026047665625810623,0.5060150027275085,0.4815313220024109,0.07797902077436447,0.4916372299194336,0.4333264231681824,0.027734607458114624,0.5045503377914429,0.4768637716770172,0.06969822943210602,0.4940418601036072,0.43516212701797485,0.026536980643868446,0.5063072443008423,0.47543877363204956,0.06800317764282227,0.5137361288070679,0.520237922668457,-0.03862491250038147,0.5153089761734009,0.5092412829399109,0.03860365226864815,0.47629040479660034,0.470583975315094,-0.04960749298334122,0.48517662286758423,0.4533170461654663,0.02248343452811241,0.4538997709751129,0.5363608598709106,-0.001653372310101986,0.46084505319595337,0.5105012059211731,0.059765566140413284,0.455944299697876,0.5544053316116333,0.004476990085095167,0.46263885498046875,0.5238572359085083,0.06252112239599228,0.4373125433921814,0.5421973466873169,0.006034053396433592,0.4455706477165222,0.5092076659202576,0.05834848806262016
0436,./images/2/frame_00436.jpg,Fall,0.5159013867378235,0.4186602234840393,-0.028346136212348938,0.5159249901771545,0.4118218719959259,-0.04055491462349892,0.5158336162567139,0.4120047390460968,-0.04053989797830582,0.5157179832458496,0.41243764758110046,-0.04057619348168373,0.5166888236999512,0.411252498626709,-0.034504178911447525,0.5172092318534851,0.41039127111434937,-0.034529801458120346,0.5177459716796875,0.4097183644771576,-0.03457357734441757,0.5188077688217163,0.41188058257102966,-0.07101576030254364,0.5221281051635742,0.4087012708187103,-0.03796101361513138,0.5175386667251587,0.420617938041687,-0.03716270998120308,0.5183262228965759,0.4196614623069763,-0.028784841299057007,0.5232540965080261,0.4379890561103821,-0.08373089134693146,0.5395429730415344,0.4290231466293335,-0.007816944271326065,0.5000747442245483,0.4613264799118042,-0.04115840420126915,0.5268084406852722,0.471407949924469,0.0448034293949604,0.4952247738838196,0.4341809153556824,0.0361495241522789,0.5115752220153809,0.4694228172302246,0.08550731837749481,0.4919658601284027,0.42821595072746277,0.03922862187027931,0.5079666376113892,0.4708516001701355,0.09433875977993011,0.49639081954956055,0.4256608188152313,0.039317600429058075,0.5063982009887695,0.46705126762390137,0.08765337616205215,0.4981319010257721,0.42790111899375916,0.03829839453101158,0.5077341794967651,0.46652474999427795,0.08432528376579285,0.5127781629562378,0.5191069841384888,-0.036794908344745636,0.5150530934333801,0.5110141038894653,0.03675917163491249,0.4757522940635681,0.4721534252166748,-0.03142606467008591,0.48655691742897034,0.4550652503967285,0.04147347807884216,0.4538753032684326,0.5369667410850525,-1.4784753147978336e-05,0.4618299603462219,0.5104849934577942,0.06447570025920868,0.45547357201576233,0.5552104711532593,0.004981386940926313,0.462843656539917,0.523821234703064,0.06633924692869186,0.43757328391075134,0.542137086391449,0.006282029207795858,0.4455271363258362,0.5091670751571655,0.06307777762413025
0437,./images/2/frame_00437.jpg,Fall,0.5148409605026245,0.4186665117740631,-0.051337599754333496,0.5152590870857239,0.41215401887893677,-0.06185831502079964,0.5152449011802673,0.41223904490470886,-0.06184547021985054,0.5152215361595154,0.4125276207923889,-0.06188415735960007,0.5158359408378601,0.41145333647727966,-0.0546683594584465,0.5162440538406372,0.4105915427207947,-0.05469240993261337,0.5166522860527039,0.4099443554878235,-0.05473152548074722,0.5181916952133179,0.4121687710285187,-0.08492328226566315,0.5203235745429993,0.4087844789028168,-0.05161901190876961,0.5164542198181152,0.42109066247940063,-0.057137686759233475,0.5170246362686157,0.4198461174964905,-0.04767858237028122,0.5244516730308533,0.43806374073028564,-0.09157469123601913,0.5357875227928162,0.4295997619628906,-0.016721248626708984,0.5006868243217468,0.4631238579750061,-0.0495571605861187,0.520791232585907,0.467418372631073,0.020452402532100677,0.4948972761631012,0.43595632910728455,0.020259711891412735,0.508628249168396,0.46768325567245483,0.029495319351553917,0.4910169541835785,0.43064171075820923,0.022003691643476486,0.5054859519004822,0.4700436592102051,0.03383205085992813,0.4953520894050598,0.4264306426048279,0.022914789617061615,0.5046311020851135,0.46632593870162964,0.02693057619035244,0.49728935956954956,0.4286949038505554,0.022689606994390488,0.5059999227523804,0.4655388295650482,0.027497142553329468,0.5124971270561218,0.5185264348983765,-0.03646880015730858,0.5141474008560181,0.5108059644699097,0.03643219545483589,0.47534918785095215,0.47291165590286255,-0.038407571613788605,0.48668423295021057,0.4589146077632904,0.03708845376968384,0.45385366678237915,0.5371785759925842,0.003141151275485754,0.4618186354637146,0.5128255486488342,0.06748611479997635,0.45551133155822754,0.5556961894035339,0.00895143672823906,0.4626341462135315,0.5260570049285889,0.07008292526006699,0.4355773329734802,0.5426268577575684,0.008765390142798424,0.44453391432762146,0.5124021172523499,0.06346496194601059
0438,./images/2/frame_00438.jpg,Fall,0.513527512550354,0.420582115650177,-0.07636276632547379,0.514163613319397,0.41526004672050476,-0.08539460599422455,0.5143439173698425,0.415361613035202,-0.08538246899843216,0.5145257711410522,0.4156802296638489,-0.08541955053806305,0.5142642855644226,0.41387566924095154,-0.077701635658741,0.5145024657249451,0.41279903054237366,-0.07772306352853775,0.5149361491203308,0.41123437881469727,-0.07776390016078949,0.5180747509002686,0.4136003255844116,-0.10220418870449066,0.5181598663330078,0.4096626341342926,-0.06694743037223816,0.5155301690101624,0.42259353399276733,-0.08002789318561554,0.5155498385429382,0.42115139961242676,-0.06989587843418121,0.5262755155563354,0.43865445256233215,-0.10504766553640366,0.5313855409622192,0.4296952188014984,-0.026992520317435265,0.5014544129371643,0.4657650291919708,-0.06322775781154633,0.5168679356575012,0.4697805643081665,0.009634887799620628,0.4947078824043274,0.4433915913105011,0.0029203782323747873,0.5067442059516907,0.48277154564857483,0.015523143112659454,0.49042820930480957,0.43807002902030945,0.00425301818177104,0.5037518739700317,0.48895949125289917,0.018776897341012955,0.49458056688308716,0.4346434772014618,0.003843376412987709,0.5035483837127686,0.4850632846355438,0.011062167584896088,0.49667924642562866,0.436336487531662,0.004983691964298487,0.5051335692405701,0.48260757327079773,0.013172981329262257,0.5126171708106995,0.5187736749649048,-0.036450084298849106,0.5124708414077759,0.5100252628326416,0.03642816096544266,0.47549787163734436,0.4722471833229065,-0.05642525479197502,0.4857683777809143,0.45954787731170654,0.021968252956867218,0.45453834533691406,0.5362568497657776,0.010382191278040409,0.46085062623023987,0.515877366065979,0.06511672586202621,0.45637640357017517,0.5523724555969238,0.018660470843315125,0.46166008710861206,0.5293492078781128,0.06816012412309647,0.4362012445926666,0.5387223362922668,0.01951214298605919,0.44216594099998474,0.5162633061408997,0.06244450807571411
0439,./images/2/frame_00439.jpg,Fall,0.5129874348640442,0.4225444793701172,-0.05989278107881546,0.5135376453399658,0.4175046682357788,-0.06805828213691711,0.5140067338943481,0.41765597462654114,-0.06804043799638748,0.5143758058547974,0.41790661215782166,-0.06806962192058563,0.5132335424423218,0.415757417678833,-0.059937916696071625,0.5133628249168396,0.4144825041294098,-0.059959761798381805,0.513562798500061,0.4131340980529785,-0.060000229626894,0.518153965473175,0.4144110381603241,-0.08545441925525665,0.5163780450820923,0.4106091856956482,-0.046023521572351456,0.5152410268783569,0.4243066608905792,-0.063469797372818,0.5146747827529907,0.42256566882133484,-0.05294347554445267,0.531103253364563,0.43906092643737793,-0.08727244287729263,0.5254953503608704,0.4297283887863159,-0.005404022056609392,0.5016415119171143,0.4662669599056244,-0.06266207247972488,0.5064123868942261,0.46762576699256897,0.0074434103444218636,0.49358922243118286,0.4400698244571686,-0.000998698640614748,0.49959951639175415,0.47661682963371277,-0.02144453302025795,0.4900527894496918,0.43761059641838074,0.00032168973120860755,0.4969637393951416,0.48195916414260864,-0.02185797691345215,0.4941380023956299,0.4346030354499817,0.0010834105778485537,0.498180091381073,0.47801899909973145,-0.02570471167564392,0.496417373418808,0.43629950284957886,0.0015726143028587103,0.49992841482162476,0.4761043190956116,-0.023355521261692047,0.5135475993156433,0.5192252397537231,-0.035599175840616226,0.5095819234848022,0.5099855065345764,0.03557445853948593,0.48027998208999634,0.4670555889606476,-0.05724582076072693,0.4828147292137146,0.4646534323692322,0.002248371485620737,0.4550786018371582,0.5316863656044006,-0.006171318702399731,0.45895639061927795,0.5247102975845337,0.028678182512521744,0.45640116930007935,0.5478737950325012,-4.7558343794662505e-05,0.4601687490940094,0.5389566421508789,0.030882108956575394,0.43624258041381836,0.5316163301467896,-0.004752215463668108,0.4400324821472168,0.5270969271659851,0.018092066049575806
0440,./images/2/frame_00440.jpg,Fall,0.5114599466323853,0.42510363459587097,-0.05618380382657051,0.512069821357727,0.4198373258113861,-0.06408039480447769,0.5126136541366577,0.41973167657852173,-0.0640614926815033,0.5133020877838135,0.41982024908065796,-0.06408776342868805,0.5114812850952148,0.4181777834892273,-0.055454373359680176,0.5115740299224854,0.4168032705783844,-0.05547294765710831,0.5117301344871521,0.41550496220588684,-0.05551012605428696,0.5176745653152466,0.4151911735534668,-0.07952551543712616,0.5150374174118042,0.4116531312465668,-0.03709449619054794,0.5143029689788818,0.4267898499965668,-0.05949782580137253,0.5133970379829407,0.425151526927948,-0.04845849424600601,0.5326869487762451,0.43980872631073,-0.0864671915769577,0.5238452553749084,0.42971187829971313,0.0031322166323661804,0.5020055770874023,0.4703277051448822,-0.0631396621465683,0.5040921568870544,0.4679366648197174,0.017734693363308907,0.4913352131843567,0.44093912839889526,-0.00805774237960577,0.4965568482875824,0.47685492038726807,-0.002664466155692935,0.4889771044254303,0.43878448009490967,-0.0076421401463449,0.49367985129356384,0.4821631610393524,-0.001398931723088026,0.4928461015224457,0.4351864159107208,-0.006231433711946011,0.49503645300865173,0.47765904664993286,-0.006126188673079014,0.4947156012058258,0.43679115176200867,-0.005252936389297247,0.4968321919441223,0.4757060110569,-0.004699471406638622,0.5140359997749329,0.5196483731269836,-0.035888660699129105,0.5086087584495544,0.5098574757575989,0.03586447983980179,0.4816322326660156,0.4636300802230835,-0.058560751378536224,0.48146072030067444,0.4637262225151062,0.0011301599442958832,0.4554804265499115,0.5305134057998657,-0.008468547835946083,0.4563838541507721,0.5253077745437622,0.023769592866301537,0.45656508207321167,0.5468450784683228,-0.002211936516687274,0.4591550827026367,0.54095059633255,0.025623977184295654,0.4362727999687195,0.5316553115844727,-0.00472690723836422,0.43835386633872986,0.5294490456581116,0.013495718128979206
0441,./images/2/frame_00441.jpg,Fall,0.5099157691001892,0.425919771194458,-0.08849487453699112,0.5108371376991272,0.4209796190261841,-0.09646470099687576,0.5114944577217102,0.4208787679672241,-0.09643398225307465,0.5122230648994446,0.42091166973114014,-0.09646867215633392,0.5097953081130981,0.4189494252204895,-0.08771214634180069,0.5098385214805603,0.41743215918540955,-0.08773896843194962,0.5098990201950073,0.41603419184684753,-0.08777446299791336,0.5178572535514832,0.41596102714538574,-0.10545577853918076,0.5127143859863281,0.41192176938056946,-0.06525004655122757,0.5127561688423157,0.4273393750190735,-0.08908688277006149,0.5116475820541382,0.425531804561615,-0.0777072086930275,0.5327348709106445,0.4411448538303375,-0.10491063445806503,0.5200359225273132,0.4277639091014862,-0.01852036453783512,0.5021039247512817,0.4748542010784149,-0.07488391548395157,0.5007464289665222,0.4670471251010895,0.006661121733486652,0.49061354994773865,0.44145694375038147,-0.014723512344062328,0.49417129158973694,0.47602003812789917,-0.0052056992426514626,0.4894450306892395,0.4392446279525757,-0.013112912885844707,0.4914833903312683,0.48178279399871826,-0.0026103672571480274,0.493202269077301,0.43569162487983704,-0.012214433401823044,0.492817223072052,0.4774099588394165,-0.008134705014526844,0.4947889745235443,0.43736836314201355,-0.01181747391819954,0.49468502402305603,0.47533175349235535,-0.007036121096462011,0.5142629742622375,0.519482433795929,-0.03554665297269821,0.5071908235549927,0.507915735244751,0.035550959408283234,0.4831721782684326,0.4602102041244507,-0.057522617280483246,0.4818016588687897,0.4654116630554199,-0.0036692533176392317,0.45606523752212524,0.5199804306030273,-0.0005387055571191013,0.45598965883255005,0.5274597406387329,0.026557838544249535,0.45656895637512207,0.5360221862792969,0.006421213503926992,0.45790404081344604,0.5423601269721985,0.029191404581069946,0.4374319612979889,0.5158456563949585,-0.001079521025530994,0.43846994638442993,0.5312954783439636,0.014646491035819054
0442,./images/2/frame_00442.jpg,Fall,0.5097988843917847,0.4255254864692688,-0.06850343942642212,0.510664701461792,0.42071425914764404,-0.07851263135671616,0.5110326409339905,0.4205293357372284,-0.07849182188510895,0.511431097984314,0.42053040862083435,-0.07854598015546799,0.510374128818512,0.4187048077583313,-0.07328075915575027,0.5101186633110046,0.417365700006485,-0.07332081347703934,0.5103164315223694,0.41592976450920105,-0.0733703151345253,0.5167112946510315,0.41537854075431824,-0.09287421405315399,0.5137951970100403,0.41190648078918457,-0.06056012958288193,0.5121468305587769,0.42717042565345764,-0.0709637999534607,0.5121392607688904,0.42639774084091187,-0.06308620423078537,0.5273334383964539,0.44070014357566833,-0.09392257034778595,0.5245410203933716,0.43072640895843506,-0.018354803323745728,0.5021963715553284,0.47408875823020935,-0.058222513645887375,0.5054655075073242,0.47065484523773193,0.015011416748166084,0.4934258460998535,0.44128015637397766,0.007254789117723703,0.49681395292282104,0.4735325574874878,0.008799036964774132,0.4902593493461609,0.43675389885902405,0.008877255953848362,0.4938843846321106,0.47621235251426697,0.011358968913555145,0.49413418769836426,0.43370646238327026,0.008720315992832184,0.495389461517334,0.4719332456588745,0.005932801403105259,0.49579066038131714,0.43556076288223267,0.009546658024191856,0.4969996511936188,0.4707479774951935,0.00690996740013361,0.5133130550384521,0.5195019245147705,-0.03570685535669327,0.5079940557479858,0.511386513710022,0.03570020943880081,0.4815096855163574,0.46149176359176636,-0.046664945781230927,0.4859188199043274,0.4644787609577179,0.030814852565526962,0.45552271604537964,0.521883487701416,0.0005254221032373607,0.4578287601470947,0.521808385848999,0.055163245648145676,0.4567188322544098,0.5443985462188721,0.006740615703165531,0.45823249220848083,0.536527693271637,0.05679180473089218,0.4375532567501068,0.522609293460846,0.0012380186235532165,0.4393768310546875,0.5201321244239807,0.043414417654275894
0443,./images/2/frame_00443.jpg,Fall,0.5102375745773315,0.4253867268562317,-0.061839498579502106,0.5105370283126831,0.4202164113521576,-0.07132679224014282,0.5109298229217529,0.4200672209262848,-0.07130935043096542,0.5113667249679565,0.42017415165901184,-0.07134696841239929,0.5104706287384033,0.41848692297935486,-0.06418959051370621,0.5106130242347717,0.41707688570022583,-0.06421643495559692,0.5107617378234863,0.4160519540309906,-0.06425818800926208,0.5156513452529907,0.4153866767883301,-0.09024078398942947,0.5144650936126709,0.41216015815734863,-0.05639933422207832,0.5125556588172913,0.4270591735839844,-0.06615887582302094,0.5125608444213867,0.42625153064727783,-0.05667955428361893,0.525610089302063,0.4396975636482239,-0.09663231670856476,0.5258739590644836,0.43241000175476074,-0.020369067788124084,0.5045024156570435,0.47331205010414124,-0.05852197855710983,0.5140766501426697,0.4755616784095764,-0.00028193031903356314,0.495729923248291,0.44444093108177185,0.007725601550191641,0.5056262612342834,0.48128196597099304,-0.014099705033004284,0.49123668670654297,0.4395645558834076,0.009940769523382187,0.502934455871582,0.4856264889240265,-0.012899748980998993,0.4948638081550598,0.43642061948776245,0.010502261109650135,0.5027188658714294,0.4809286296367645,-0.018143439665436745,0.4969031810760498,0.4379500150680542,0.01026136614382267,0.5042188763618469,0.4788148105144501,-0.016204120591282845,0.5132594704627991,0.5202308893203735,-0.03573428839445114,0.5091293454170227,0.5119067430496216,0.03573833033442497,0.4778312146663666,0.4648735821247101,-0.04737623780965805,0.4857824444770813,0.46041515469551086,0.03458423912525177,0.4549295902252197,0.5262865424156189,0.01353355310857296,0.4589713513851166,0.5134440064430237,0.06974382698535919,0.4566899240016937,0.5471343398094177,0.021069178357720375,0.4591158926486969,0.5270406007766724,0.07254619896411896,0.4380660951137543,0.5262962579727173,0.01984182745218277,0.4429388642311096,0.5105229020118713,0.06530585885047913
0444,./images/2/frame_00444.jpg,Fall,0.5101445317268372,0.4252737760543823,-0.04695696383714676,0.5105162858963013,0.41993555426597595,-0.056556571274995804,0.5108250379562378,0.4196353554725647,-0.05654583498835564,0.5110450983047485,0.41943252086639404,-0.05658116936683655,0.5098581314086914,0.4183769226074219,-0.049647800624370575,0.5100418329238892,0.4168855845928192,-0.04967809468507767,0.5102530717849731,0.4159058928489685,-0.04972387105226517,0.5152252912521362,0.41503652930259705,-0.07699011266231537,0.5138874650001526,0.4121464490890503,-0.04525325074791908,0.5122498273849487,0.426546186208725,-0.05211523175239563,0.5122587084770203,0.42692291736602783,-0.042923446744680405,0.5240665674209595,0.43875205516815186,-0.08592980355024338,0.5266905426979065,0.43303295969963074,-0.01211621705442667,0.5063992738723755,0.4688270092010498,-0.05818118900060654,0.5150066614151001,0.47502872347831726,0.02279994823038578,0.49851542711257935,0.44144847989082336,0.003999344538897276,0.5077611207962036,0.4687865674495697,0.03017878532409668,0.49399352073669434,0.4356011748313904,0.00508735841140151,0.505765438079834,0.4690207242965698,0.03350703790783882,0.497363418340683,0.43284866213798523,0.005098677705973387,0.5047325491905212,0.4646779000759125,0.02911176159977913,0.4994140565395355,0.4347190856933594,0.005779590457677841,0.5059522986412048,0.4643162488937378,0.028858119621872902,0.5127255320549011,0.5203620791435242,-0.03546777740120888,0.5095519423484802,0.514279305934906,0.03546169400215149,0.47787046432495117,0.4665835499763489,-0.04764607921242714,0.4860036373138428,0.46019551157951355,0.02536178193986416,0.454601913690567,0.5295447707176208,-0.0037813372910022736,0.45955467224121094,0.5123534202575684,0.04582902416586876,0.45664292573928833,0.5517832636833191,0.0010989065049216151,0.45919933915138245,0.5263901352882385,0.04697177931666374,0.43397146463394165,0.5292178392410278,-0.00589274987578392,0.44462108612060547,0.50948166847229,0.03418917953968048
0445,./images/2/frame_00445.jpg,Fall,0.5085946321487427,0.4251689612865448,-0.0587344653904438,0.509247899055481,0.4198940694332123,-0.06682459264993668,0.5097478628158569,0.4194108247756958,-0.06680049002170563,0.5102304220199585,0.4193006157875061,-0.06683576107025146,0.5087339878082275,0.41842734813690186,-0.059364158660173416,0.5088542699813843,0.4169883728027344,-0.0594002902507782,0.5076938271522522,0.4162062704563141,-0.05943296104669571,0.514887809753418,0.4146873950958252,-0.07774507254362106,0.511106014251709,0.4121635854244232,-0.045361947268247604,0.5108212828636169,0.4265340566635132,-0.06047632545232773,0.5100881457328796,0.42613860964775085,-0.0507490336894989,0.5243424773216248,0.4375860095024109,-0.08293603360652924,0.521900475025177,0.43166762590408325,-0.010669182054698467,0.5110667943954468,0.4631529152393341,-0.0585586242377758,0.5100511908531189,0.47115299105644226,0.0005636485293507576,0.5025295615196228,0.4390140175819397,0.003976401872932911,0.5072397589683533,0.4623788297176361,-0.02635009028017521,0.4981749653816223,0.4330504238605499,0.005324942991137505,0.5051555037498474,0.4622325897216797,-0.0257081538438797,0.5011781454086304,0.43161681294441223,0.00600056815892458,0.5044017434120178,0.45847171545028687,-0.027539070695638657,0.5028344988822937,0.43350228667259216,0.005729526747018099,0.5056585073471069,0.4583493173122406,-0.02714066207408905,0.5120692849159241,0.5202059745788574,-0.034827034920454025,0.508926272392273,0.5133056640625,0.0348149910569191,0.47633951902389526,0.4690481424331665,-0.05376717448234558,0.48628273606300354,0.45827385783195496,0.006627495400607586,0.45445695519447327,0.5299076437950134,-0.01183201652020216,0.45969533920288086,0.511580228805542,0.014652189798653126,0.4565317630767822,0.5516608953475952,-0.007122647948563099,0.45943301916122437,0.5261330604553223,0.014565641060471535,0.4339212477207184,0.5313742160797119,-0.016064269468188286,0.4457269608974457,0.5087329149246216,-0.0028739788103848696
0446,./images/2/frame_00446.jpg,Fall,0.5065591335296631,0.4277722239494324,-0.08162060379981995,0.5072277784347534,0.4219313859939575,-0.09052029252052307,0.5077764391899109,0.4215414226055145,-0.09049639850854874,0.508363664150238,0.4214124083518982,-0.09053123742341995,0.5065953135490417,0.4204958975315094,-0.0822136178612709,0.5066865682601929,0.41903263330459595,-0.08224751800298691,0.5065146684646606,0.41790157556533813,-0.08227948099374771,0.5129308700561523,0.4160659909248352,-0.10322568565607071,0.509835958480835,0.41220757365226746,-0.06533484905958176,0.5089169144630432,0.4293297529220581,-0.08387500047683716,0.5080133080482483,0.42813488841056824,-0.07301262021064758,0.5245102643966675,0.4386643171310425,-0.10236211121082306,0.5198928117752075,0.43160930275917053,-0.0212941225618124,0.5108428001403809,0.46649250388145447,-0.07073599845170975,0.5073838829994202,0.47375670075416565,-0.010802818462252617,0.5003604292869568,0.44270503520965576,-0.0058151897974312305,0.5025261640548706,0.4723294973373413,-0.04147050529718399,0.4961754381656647,0.4368246793746948,-0.0035883195232599974,0.500196099281311,0.4745471179485321,-0.04138384014368057,0.499856173992157,0.4347851276397705,-0.0026986629236489534,0.4996670186519623,0.4699111878871918,-0.04549400508403778,0.5015352368354797,0.4361560344696045,-0.0031204125843942165,0.5014859437942505,0.4687972962856293,-0.04326251149177551,0.5122180581092834,0.5221890211105347,-0.035027407109737396,0.5086138248443604,0.5132133364677429,0.03500135615468025,0.47653675079345703,0.4674874544143677,-0.055372171103954315,0.48569154739379883,0.45542463660240173,0.010836571455001831,0.45452380180358887,0.5294095873832703,0.001857531489804387,0.45890012383461,0.5128107666969299,0.03150621056556702,0.4580075740814209,0.5503946542739868,0.009224558249115944,0.4595111906528473,0.5265469551086426,0.032816123217344284,0.43790704011917114,0.5290282964706421,0.007322999183088541,0.44550997018814087,0.5098663568496704,0.02044542320072651
0447,./images/2/frame_00447.jpg,Fall,0.5048285722732544,0.430660218000412,-0.12839540839195251,0.5058950185775757,0.4241388440132141,-0.13608509302139282,0.5066523551940918,0.4237591624259949,-0.13605202734470367,0.5081088542938232,0.4219275712966919,-0.13610169291496277,0.504575788974762,0.4224393963813782,-0.12899889051914215,0.5041473507881165,0.4206830859184265,-0.12903806567192078,0.5039917826652527,0.4191364645957947,-0.12907053530216217,0.5134453177452087,0.41619592905044556,-0.1371837556362152,0.5063991546630859,0.4138461649417877,-0.10414447635412216,0.5077523589134216,0.43180587887763977,-0.12559394538402557,0.5058846473693848,0.4298990070819855,-0.11622021347284317,0.5296589136123657,0.4387580156326294,-0.1178923025727272,0.5122686624526978,0.4307585060596466,-0.051848359405994415,0.5187237858772278,0.4655490815639496,-0.07930931448936462,0.500362753868103,0.47354328632354736,-0.01855388656258583,0.5045944452285767,0.44363272190093994,-0.01661275513470173,0.49843350052833557,0.47534888982772827,-0.025545824319124222,0.49905475974082947,0.4392491281032562,-0.013068584725260735,0.4966360032558441,0.4796777367591858,-0.02333783730864525,0.5013677477836609,0.43723076581954956,-0.013499775901436806,0.49633246660232544,0.47458866238594055,-0.028956342488527298,0.5032879114151001,0.4377955198287964,-0.014430919662117958,0.4979461133480072,0.4726752042770386,-0.027111414819955826,0.5125683546066284,0.52248615026474,-0.033624544739723206,0.5055795311927795,0.512615442276001,0.033620499074459076,0.4787208139896393,0.4650433361530304,-0.05447010323405266,0.4838182330131531,0.45466551184654236,-0.007279361132532358,0.45493245124816895,0.5261098146438599,0.016112323850393295,0.4574769139289856,0.5154402256011963,0.00412310566753149,0.4587809443473816,0.5445582270622253,0.0245534498244524,0.456963449716568,0.533008873462677,0.004839870147407055,0.44130152463912964,0.5246476531028748,0.017328737303614616,0.4453909993171692,0.514208972454071,-0.017729997634887695
0448,./images/2/frame_00448.jpg,Fall,0.5049471259117126,0.430328369140625,-0.11892922222614288,0.5057201385498047,0.4243694841861725,-0.12632127106189728,0.5064560770988464,0.4239623546600342,-0.12628887593746185,0.5074792504310608,0.4229322671890259,-0.12633943557739258,0.5043812990188599,0.42280495166778564,-0.11888450384140015,0.5041924715042114,0.4212159514427185,-0.11891989409923553,0.5041192770004272,0.41972804069519043,-0.1189521998167038,0.513862669467926,0.4162133038043976,-0.1276111900806427,0.5063484907150269,0.41475778818130493,-0.09284660965204239,0.507725715637207,0.4314861297607422,-0.11634727567434311,0.505935549736023,0.43003973364830017,-0.10650487244129181,0.5331041812896729,0.4387628734111786,-0.1112774983048439,0.5111079812049866,0.42944759130477905,-0.04367484152317047,0.5244554281234741,0.46586188673973083,-0.07835160940885544,0.4991878867149353,0.4715651571750641,-0.019108358770608902,0.5089731216430664,0.4464729428291321,-0.02252151258289814,0.49628645181655884,0.47680553793907166,-0.03864726796746254,0.5031104683876038,0.44321495294570923,-0.019687887281179428,0.49398064613342285,0.48228153586387634,-0.0382021889090538,0.5047975778579712,0.4408034384250641,-0.019124221056699753,0.4940456449985504,0.47739872336387634,-0.04434467852115631,0.5067400932312012,0.4409593343734741,-0.020125707611441612,0.49577218294143677,0.47513529658317566,-0.04080366715788841,0.5129355788230896,0.5226041674613953,-0.033943481743335724,0.5054494142532349,0.5107117295265198,0.03393532708287239,0.47873300313949585,0.46452826261520386,-0.05583510547876358,0.48147910833358765,0.45387938618659973,-0.004038381390273571,0.4561472535133362,0.5269537568092346,0.01190965436398983,0.45650625228881836,0.5185415148735046,0.004191112704575062,0.45907002687454224,0.5440397262573242,0.019798673689365387,0.45670223236083984,0.534281313419342,0.004551724996417761,0.44102078676223755,0.5252685546875,0.013184678740799427,0.44413360953330994,0.5176330208778381,-0.01641630008816719
0449,./images/2/frame_00449.jpg,Fall,0.5042768716812134,0.4312707185745239,-0.13246579468250275,0.5048455595970154,0.4255618751049042,-0.14079920947551727,0.5057262182235718,0.42502182722091675,-0.1407669633626938,0.5067410469055176,0.42444151639938354,-0.14082100987434387,0.5031697750091553,0.42389798164367676,-0.13277623057365417,0.5029084086418152,0.4223807156085968,-0.13281838595867157,0.5027750730514526,0.4207009971141815,-0.132851243019104,0.5140941143035889,0.41753095388412476,-0.14188793301582336,0.505814254283905,0.414590448141098,-0.1046643853187561,0.5072352290153503,0.4326533079147339,-0.12931928038597107,0.5052415132522583,0.4309843182563782,-0.11876718699932098,0.5345933437347412,0.4402444064617157,-0.1232924610376358,0.5101243853569031,0.4264909625053406,-0.05127262324094772,0.5264794826507568,0.47929343581199646,-0.09212133288383484,0.4988442063331604,0.4688270092010498,-0.03197796270251274,0.5082170963287354,0.45924240350723267,-0.04386391490697861,0.49724656343460083,0.4764694273471832,-0.055524010211229324,0.501820981502533,0.4563533067703247,-0.04174854978919029,0.49517446756362915,0.48134130239486694,-0.05524827167391777,0.5034781694412231,0.4518561065196991,-0.04017854109406471,0.4951733946800232,0.47661292552948,-0.06006105989217758,0.5055877566337585,0.4518768787384033,-0.04079502075910568,0.4968501925468445,0.4746079742908478,-0.05717916041612625,0.5147625207901001,0.5236051082611084,-0.034070245921611786,0.5055932998657227,0.5076931715011597,0.03404871001839638,0.478473037481308,0.4647333323955536,-0.06313330680131912,0.4797990322113037,0.4522019624710083,-0.00836421549320221,0.4584864675998688,0.5274031162261963,0.01280519925057888,0.45647162199020386,0.5197293162345886,0.0042064255103468895,0.46165651082992554,0.5423933267593384,0.021761536598205566,0.45668143033981323,0.5373040437698364,0.00514163076877594,0.4415036737918854,0.5262704491615295,0.018739279359579086,0.44280529022216797,0.5254108309745789,-0.013510353863239288
0450,./images/2/frame_00450.jpg,Fall,0.5040299892425537,0.4306918978691101,-0.11865764856338501,0.504270076751709,0.4249041974544525,-0.12718366086483002,0.5050483345985413,0.4244130849838257,-0.12715405225753784,0.505936861038208,0.42386335134506226,-0.12720559537410736,0.5028258562088013,0.42332741618156433,-0.11838783323764801,0.50266432762146,0.42186877131462097,-0.11842872202396393,0.5025940537452698,0.42035314440727234,-0.11845557391643524,0.5140021443367004,0.41740089654922485,-0.13222868740558624,0.5063478350639343,0.41433465480804443,-0.09168772399425507,0.5070236325263977,0.4320947527885437,-0.1174539104104042,0.5053054094314575,0.43067750334739685,-0.10591170936822891,0.5343573689460754,0.4406338930130005,-0.1189437285065651,0.5114684104919434,0.4261062741279602,-0.04123023897409439,0.5255329012870789,0.47878557443618774,-0.08740408718585968,0.49930840730667114,0.468594491481781,-0.028922561556100845,0.5085453391075134,0.45782116055488586,-0.03056781366467476,0.49787837266921997,0.4732300639152527,-0.061316318809986115,0.5022872686386108,0.4544473886489868,-0.027690958231687546,0.4959831237792969,0.47706058621406555,-0.061926234513521194,0.5039782524108887,0.45067107677459717,-0.026746073737740517,0.4959436058998108,0.4728045165538788,-0.06600771844387054,0.506049394607544,0.45101556181907654,-0.027613982558250427,0.4975835680961609,0.47136467695236206,-0.06306015700101852,0.514985203742981,0.524015486240387,-0.035647641867399216,0.5060445070266724,0.5076302289962769,0.035661205649375916,0.4766113758087158,0.4666989743709564,-0.06563486158847809,0.48057159781455994,0.4502485394477844,-0.0014446985442191362,0.458074152469635,0.531643807888031,0.011512919329106808,0.4567013382911682,0.5195884108543396,0.010793381370604038,0.4613059163093567,0.5453521013259888,0.02026369795203209,0.45673951506614685,0.5369226336479187,0.011446438729763031,0.4412703514099121,0.5332415699958801,0.01630479283630848,0.44338345527648926,0.5238422751426697,-0.006431569345295429
0451,./images/2/frame_00451.jpg,Fall,0.5034088492393494,0.43037858605384827,-0.11646225303411484,0.5035051703453064,0.4248511791229248,-0.12613603472709656,0.5043014287948608,0.42423710227012634,-0.12610498070716858,0.5050891637802124,0.4235338866710663,-0.12615858018398285,0.502403974533081,0.4231046438217163,-0.11664034426212311,0.5023034811019897,0.4216151833534241,-0.11667761951684952,0.5022831559181213,0.4201012849807739,-0.1166938915848732,0.5112402439117432,0.4173679053783417,-0.13588234782218933,0.5064976811408997,0.412916898727417,-0.09192358702421188,0.506657600402832,0.4320281147956848,-0.11691864579916,0.5052052736282349,0.4303554594516754,-0.10442769527435303,0.5339395999908447,0.4410187304019928,-0.12322896718978882,0.5129179954528809,0.42499715089797974,-0.038931913673877716,0.5252174735069275,0.47788387537002563,-0.08195506036281586,0.501006007194519,0.46800774335861206,-0.020180396735668182,0.5102382302284241,0.4545225501060486,-0.005671456456184387,0.49960559606552124,0.4651400148868561,-0.01688937470316887,0.5042673945426941,0.44834625720977783,0.0001775888813426718,0.49938589334487915,0.46603330969810486,-0.012254283763468266,0.506071150302887,0.44593116641044617,0.00047600120888091624,0.4988468289375305,0.46235132217407227,-0.015784351155161858,0.5081292986869812,0.446543425321579,-0.0024425226729363203,0.5000823736190796,0.46185702085494995,-0.017468780279159546,0.5146213173866272,0.5240679979324341,-0.03798707574605942,0.5063265562057495,0.5067970156669617,0.03803005814552307,0.474368155002594,0.468774676322937,-0.06872491538524628,0.48188018798828125,0.4442136883735657,0.004055491648614407,0.45760422945022583,0.5320733189582825,0.01763639599084854,0.4569948613643646,0.5172421336174011,0.024679461494088173,0.4611237645149231,0.5467959642410278,0.027614634484052658,0.4574366509914398,0.5346158146858215,0.026224395260214806,0.4369335174560547,0.5363158583641052,0.025772947818040848,0.4441492557525635,0.520094633102417,0.010474012233316898
0452,./images/2/frame_00452.jpg,Fall,0.5034078359603882,0.42780154943466187,-0.116496242582798,0.5032798051834106,0.42252111434936523,-0.12794040143489838,0.5037493109703064,0.4221683144569397,-0.12791922688484192,0.5044046640396118,0.42211854457855225,-0.12797634303569794,0.5026690363883972,0.42060360312461853,-0.1188800185918808,0.5026553869247437,0.4192969799041748,-0.11890295892953873,0.5027099251747131,0.4180593192577362,-0.11891430616378784,0.5109969973564148,0.4160717725753784,-0.1447681039571762,0.5067602396011353,0.411268025636673,-0.10272572934627533,0.506334125995636,0.42927661538124084,-0.11909811198711395,0.5053135752677917,0.427641898393631,-0.10706090927124023,0.5286809206008911,0.4392598867416382,-0.13453473150730133,0.5152693390846252,0.4245375692844391,-0.04984721541404724,0.5225858688354492,0.46217796206474304,-0.08462516218423843,0.5043689012527466,0.4642241299152374,0.01751616969704628,0.5121527910232544,0.4370379149913788,0.001064246753230691,0.5042327046394348,0.4533030092716217,0.07021850347518921,0.5073206424713135,0.43051862716674805,0.005659871734678745,0.504578709602356,0.4518691599369049,0.07879476249217987,0.509649932384491,0.4297618865966797,0.0027820724062621593,0.5035822987556458,0.44904738664627075,0.0735163539648056,0.5115837454795837,0.4313759207725525,0.0026159107219427824,0.5041276812553406,0.44933968782424927,0.06991128623485565,0.5132879018783569,0.5239599943161011,-0.03914206847548485,0.5077183842658997,0.5069969892501831,0.03920549154281616,0.47209715843200684,0.46970677375793457,-0.06623633950948715,0.4842306077480316,0.4434404671192169,0.016271300613880157,0.4572904109954834,0.5325536727905273,0.024252818897366524,0.458712100982666,0.5161088109016418,0.0501069538295269,0.4608458876609802,0.5491946935653687,0.03494090214371681,0.45914992690086365,0.5327044129371643,0.053041595965623856,0.43714770674705505,0.5384795069694519,0.035037774592638016,0.44496220350265503,0.5183348059654236,0.041150446981191635
0453,./images/2/frame_00453.jpg,Fall,0.5025342106819153,0.4277467131614685,-0.11404210329055786,0.5023675560951233,0.4225030541419983,-0.12504054605960846,0.5028154253959656,0.4221351146697998,-0.125018909573555,0.503345251083374,0.4220404028892517,-0.125078946352005,0.5017284750938416,0.42059674859046936,-0.1149488091468811,0.5017155408859253,0.4192884564399719,-0.11496491730213165,0.5017805695533752,0.4180465340614319,-0.11496502161026001,0.5083481669425964,0.416360467672348,-0.14106813073158264,0.506109356880188,0.411091685295105,-0.09441570937633514,0.5052458047866821,0.42923635244369507,-0.11673035472631454,0.5044348239898682,0.4275585114955902,-0.10333438962697983,0.528546929359436,0.4392729103565216,-0.1317283660173416,0.5157533884048462,0.42461150884628296,-0.04278559982776642,0.5270991325378418,0.4608112871646881,-0.08777250349521637,0.5082556009292603,0.4646139442920685,0.010785880498588085,0.5173057317733765,0.4354228675365448,0.0008676212164573371,0.5110320448875427,0.4503221809864044,0.03946831077337265,0.5125107169151306,0.4284522235393524,0.006341089494526386,0.5121554136276245,0.4471887946128845,0.04680358245968819,0.5144253373146057,0.427620530128479,0.005494480486959219,0.5109044909477234,0.4442647695541382,0.04415605217218399,0.5163047909736633,0.42945438623428345,0.003416188061237335,0.511372983455658,0.44514405727386475,0.03965304419398308,0.5131005644798279,0.5244961380958557,-0.04120122268795967,0.5082665085792542,0.5071146488189697,0.04126565903425217,0.471870481967926,0.47180649638175964,-0.06598176062107086,0.48507755994796753,0.44435277581214905,0.02174995467066765,0.4572061002254486,0.5328022241592407,0.024611815810203552,0.45923787355422974,0.5152230858802795,0.04986666887998581,0.46093544363975525,0.5498621463775635,0.035117316991090775,0.45987486839294434,0.5317195653915405,0.052105266600847244,0.4359177052974701,0.5390303134918213,0.03713120520114899,0.445026159286499,0.5176059007644653,0.041919637471437454
0454,./images/2/frame_00454.jpg,Fall,0.5029177069664001,0.4270041286945343,-0.11184829473495483,0.502531111240387,0.42192670702934265,-0.1236376166343689,0.5028654336929321,0.4216352105140686,-0.12361989915370941,0.5032106637954712,0.4216434955596924,-0.12367691844701767,0.5020973086357117,0.4201352298259735,-0.11523489654064178,0.5021433234214783,0.4188603162765503,-0.11523859202861786,0.5022356510162354,0.4177047312259674,-0.11523759365081787,0.5074177384376526,0.41635093092918396,-0.14253857731819153,0.5063326358795166,0.4107036292552948,-0.1043243259191513,0.5055264234542847,0.42787250876426697,-0.11502976715564728,0.5048139691352844,0.4261382222175598,-0.10386677831411362,0.5222778916358948,0.4372773766517639,-0.13259534537792206,0.5227890014648438,0.4246481657028198,-0.05425993725657463,0.5247814655303955,0.4509349763393402,-0.08231846988201141,0.523940920829773,0.4547007977962494,0.01745898462831974,0.5173684358596802,0.43008261919021606,0.01749029941856861,0.5289572477340698,0.4396763741970062,0.07921208441257477,0.5131974816322327,0.42440104484558105,0.02347571775317192,0.5313016772270203,0.43733587861061096,0.0878518596291542,0.5159355401992798,0.4240567982196808,0.019368711858987808,0.5294660925865173,0.4355454444885254,0.08475510030984879,0.5178393125534058,0.42579060792922974,0.018667157739400864,0.5288017392158508,0.4362645149230957,0.07995568215847015,0.5125387907028198,0.5244947671890259,-0.04063727706670761,0.5110659003257751,0.5084148645401001,0.04068610817193985,0.47093042731285095,0.47389137744903564,-0.06192253157496452,0.4860612750053406,0.44393205642700195,0.025140028446912766,0.45652538537979126,0.5338112711906433,0.03343237191438675,0.4606896936893463,0.5138558745384216,0.06628017127513885,0.4582007825374603,0.5523896813392639,0.0445406474173069,0.46119728684425354,0.5289300084114075,0.06976903975009918,0.4342835545539856,0.5398878455162048,0.04522758722305298,0.44637733697891235,0.5156187415122986,0.05934445187449455
0455,./images/2/frame_00455.jpg,Fall,0.5024622678756714,0.42414534091949463,-0.11162222921848297,0.5022220015525818,0.41962048411369324,-0.12391424179077148,0.5024713277816772,0.4197021424770355,-0.12389250844717026,0.5027247667312622,0.42009225487709045,-0.1239435225725174,0.5020626783370972,0.4172402322292328,-0.11595692485570908,0.5022019147872925,0.4159533679485321,-0.115960493683815,0.5023779273033142,0.4148555397987366,-0.11596210300922394,0.5061391592025757,0.41628554463386536,-0.14329631626605988,0.5062879323959351,0.40984416007995605,-0.1069684624671936,0.5047584176063538,0.42551955580711365,-0.11478586494922638,0.5044755935668945,0.42339950799942017,-0.10426105558872223,0.515976071357727,0.43711498379707336,-0.13114719092845917,0.52645343542099,0.42288559675216675,-0.05823766067624092,0.5181217193603516,0.44909971952438354,-0.0695066750049591,0.5313425660133362,0.4487519860267639,0.021301621571183205,0.5148691534996033,0.42574530839920044,0.03263842314481735,0.5310303568840027,0.4345894753932953,0.08703450113534927,0.5107278227806091,0.42048394680023193,0.03879942372441292,0.5321012139320374,0.4332597851753235,0.09595602005720139,0.5137138366699219,0.4199034869670868,0.03423471003770828,0.5303165316581726,0.4318220317363739,0.09141942858695984,0.5156978368759155,0.42150968313217163,0.033613767474889755,0.5298463702201843,0.4325143098831177,0.0874018520116806,0.5120866298675537,0.5244247317314148,-0.040176812559366226,0.5123047828674316,0.5082957744598389,0.040216002613306046,0.4704512059688568,0.47595342993736267,-0.05804443359375,0.4861021041870117,0.4438362121582031,0.02356097847223282,0.4563538134098053,0.5341893434524536,0.045373041182756424,0.46116071939468384,0.5136092305183411,0.07917317003011703,0.4574592709541321,0.5520579218864441,0.057490091770887375,0.4616642892360687,0.5285057425498962,0.08408470451831818,0.4347124695777893,0.5398951172828674,0.06049489229917526,0.44688811898231506,0.5148160457611084,0.07500224560499191
0456,./images/2/frame_00456.jpg,Fall,0.5027458667755127,0.42321035265922546,-0.12210426479578018,0.5026155114173889,0.4187363386154175,-0.1341429054737091,0.5029021501541138,0.4188880920410156,-0.13411690294742584,0.5031936764717102,0.41931965947151184,-0.13416609168052673,0.5023189187049866,0.415871262550354,-0.12706401944160461,0.5024834871292114,0.41466131806373596,-0.12708233296871185,0.5026330947875977,0.41394123435020447,-0.12708613276481628,0.5063832998275757,0.4158080220222473,-0.14985547959804535,0.5063122510910034,0.40884900093078613,-0.11702537536621094,0.5050234198570251,0.4239215850830078,-0.12361669540405273,0.504645586013794,0.423753947019577,-0.11425769329071045,0.5171201229095459,0.4352776110172272,-0.1275353729724884,0.5259132385253906,0.42116424441337585,-0.06506776809692383,0.5200978517532349,0.4436466097831726,-0.05515747144818306,0.5282581448554993,0.4455217123031616,0.021613262593746185,0.5174843668937683,0.4253060519695282,0.04523962736129761,0.5285161137580872,0.4328244626522064,0.09223811328411102,0.5132489800453186,0.4205051362514496,0.05308932811021805,0.529894232749939,0.4316440522670746,0.10186155140399933,0.5160364508628845,0.4205164611339569,0.04803051799535751,0.5279985070228577,0.4301508963108063,0.09646545350551605,0.5178008675575256,0.42219215631484985,0.04603441804647446,0.5275181531906128,0.43113669753074646,0.09258131682872772,0.5115307569503784,0.5236565470695496,-0.03724926337599754,0.5126568078994751,0.5081985592842102,0.037327978760004044,0.47046828269958496,0.47678837180137634,-0.05449282005429268,0.4869857728481293,0.4440828561782837,0.02303258888423443,0.45621567964553833,0.5347436666488647,0.052747488021850586,0.4624198377132416,0.5135196447372437,0.06630437076091766,0.45735740661621094,0.5526106357574463,0.06505705416202545,0.4629437327384949,0.5281815528869629,0.07043424993753433,0.4349842667579651,0.5416487455368042,0.06415508687496185,0.44829434156417847,0.5147775411605835,0.056457411497831345
0457,./images/2/frame_00457.jpg,Fall,0.5029560327529907,0.42184871435165405,-0.11770226061344147,0.5028717517852783,0.41728994250297546,-0.12959977984428406,0.5031853914260864,0.4176122844219208,-0.12957458198070526,0.5030575394630432,0.4184074103832245,-0.1296270191669464,0.5025047063827515,0.41415050625801086,-0.12265755236148834,0.5026311278343201,0.41311967372894287,-0.1226768046617508,0.5027662515640259,0.4124593436717987,-0.12268523871898651,0.506233274936676,0.4154050052165985,-0.14567169547080994,0.5064049363136292,0.4082843065261841,-0.11406242847442627,0.5049552917480469,0.4227231442928314,-0.1193724125623703,0.5045818090438843,0.42147567868232727,-0.11019210517406464,0.515650749206543,0.43391942977905273,-0.12711191177368164,0.5264600515365601,0.4193856120109558,-0.06390529125928879,0.5192562341690063,0.44522202014923096,-0.04864617437124252,0.5309897065162659,0.4456598162651062,0.02240871638059616,0.5165444016456604,0.42609724402427673,0.053178321570158005,0.5311611890792847,0.43450507521629333,0.09418484568595886,0.5124698877334595,0.42131051421165466,0.06136887148022652,0.5324559807777405,0.4338423013687134,0.10405783355236053,0.5153447389602661,0.4209144711494446,0.05587438493967056,0.5305241346359253,0.4324606657028198,0.09890443831682205,0.5171172022819519,0.4226243793964386,0.053876690566539764,0.5301030874252319,0.4332215189933777,0.09465733915567398,0.5114178657531738,0.5230659246444702,-0.035362087190151215,0.513392984867096,0.5075803399085999,0.035450320690870285,0.46982425451278687,0.4762394428253174,-0.051432471722364426,0.486950546503067,0.4440784752368927,0.017842374742031097,0.4561094343662262,0.5364308953285217,0.052650660276412964,0.46333712339401245,0.5135777592658997,0.06364305317401886,0.4568673074245453,0.5535837411880493,0.06461579352617264,0.4640856683254242,0.5283069014549255,0.0678660050034523,0.437794029712677,0.5411660075187683,0.06379087269306183,0.44966357946395874,0.514801025390625,0.05440066382288933
0458,./images/2/frame_00458.jpg,Fall,0.5015652775764465,0.4217078387737274,-0.07171594351530075,0.5012551546096802,0.41712242364883423,-0.08568795025348663,0.5013775825500488,0.4175035357475281,-0.08566455543041229,0.501346230506897,0.4182625710964203,-0.08570968359708786,0.5014258623123169,0.4140686094760895,-0.07873563468456268,0.5017267465591431,0.4125128388404846,-0.0787489041686058,0.502252459526062,0.4115357995033264,-0.0787610411643982,0.5041423439979553,0.4155426323413849,-0.11586964130401611,0.5059844255447388,0.4079246520996094,-0.0847957581281662,0.5037330389022827,0.4230159819126129,-0.0788562074303627,0.5037238597869873,0.42118704319000244,-0.06981110572814941,0.5107675194740295,0.4342424273490906,-0.11603055894374847,0.5299898386001587,0.41780370473861694,-0.04945431277155876,0.5081197619438171,0.45043501257896423,-0.04904533177614212,0.5360169410705566,0.447744756937027,0.03314901515841484,0.5110554099082947,0.4283570647239685,0.053389839828014374,0.5297016501426697,0.43741387128829956,0.10300878435373306,0.5089629888534546,0.4233298897743225,0.05954365059733391,0.5292641520500183,0.4365709125995636,0.11357060819864273,0.5126456022262573,0.4218202233314514,0.05475772172212601,0.5275452733039856,0.435701847076416,0.10824702680110931,0.514204204082489,0.42348673939704895,0.054211217910051346,0.5278100371360779,0.4362471401691437,0.10316289961338043,0.51041179895401,0.5234087705612183,-0.03599415719509125,0.5155332684516907,0.5080644488334656,0.036075394600629807,0.4685741364955902,0.4770611524581909,-0.04190916195511818,0.4869258403778076,0.4438745379447937,0.03684736043214798,0.45536741614341736,0.5376802682876587,0.05374635010957718,0.463885635137558,0.5129522085189819,0.09455831348896027,0.4562574326992035,0.5545985102653503,0.06521780043840408,0.46452030539512634,0.5276455879211426,0.09960950911045074,0.4379441738128662,0.5419753789901733,0.07297296822071075,0.4492204785346985,0.5128708481788635,0.09622880071401596
0459,./images/2/frame_00459.jpg,Fall,0.500153124332428,0.4221619963645935,-0.08938618004322052,0.4999280571937561,0.41775068640708923,-0.10194051265716553,0.5002506971359253,0.4180959463119507,-0.10191668570041656,0.5008106827735901,0.4188275635242462,-0.10196380317211151,0.4996975362300873,0.4143765866756439,-0.094386987388134,0.500803530216217,0.41361168026924133,-0.09440479427576065,0.5014194250106812,0.41207918524742126,-0.09441809356212616,0.5040816068649292,0.4159214496612549,-0.12067005783319473,0.5049753189086914,0.40800797939300537,-0.0913390964269638,0.5029000043869019,0.4236942231655121,-0.09384031593799591,0.5029680132865906,0.42331865429878235,-0.08392614126205444,0.5140753984451294,0.43456920981407166,-0.11997940391302109,0.5281864404678345,0.41722676157951355,-0.05236151069402695,0.5087249279022217,0.45195069909095764,-0.05494349077343941,0.5298355221748352,0.44973406195640564,0.027552489191293716,0.5109148621559143,0.42870622873306274,0.04256628081202507,0.5259882211685181,0.43906623125076294,0.09043942391872406,0.5076053738594055,0.4237128496170044,0.04845040291547775,0.5260063409805298,0.4380995035171509,0.09971797466278076,0.5107914805412292,0.4216610789299011,0.04441589117050171,0.5242987871170044,0.4364902079105377,0.09383942186832428,0.5128682255744934,0.42287254333496094,0.043689679354429245,0.5245602130889893,0.43694084882736206,0.09034868329763412,0.5105079412460327,0.5234035849571228,-0.03647801652550697,0.5151795148849487,0.50800621509552,0.03656627982854843,0.46809253096580505,0.4786483645439148,-0.04576341062784195,0.4868014454841614,0.44345733523368835,0.035517722368240356,0.4548429548740387,0.538524866104126,0.05791939049959183,0.4644288420677185,0.5124593377113342,0.09259126335382462,0.4559093415737152,0.5549173951148987,0.07015431672334671,0.46517467498779297,0.5271202921867371,0.0975600928068161,0.43792301416397095,0.5428890585899353,0.07410532236099243,0.4498894214630127,0.5129110217094421,0.08895161002874374
0460,./images/2/frame_00460.jpg,Fall,0.4984726905822754,0.4238085150718689,-0.09443358331918716,0.498823344707489,0.41886791586875916,-0.10655470192432404,0.499296098947525,0.4191209673881531,-0.10653167963027954,0.4998585283756256,0.4196704030036926,-0.10657985508441925,0.49821433424949646,0.41523340344429016,-0.09887941181659698,0.498941034078598,0.4140908122062683,-0.09889756888151169,0.5006111264228821,0.41326725482940674,-0.09891067445278168,0.5035880208015442,0.41646602749824524,-0.12459490448236465,0.5036358833312988,0.40837180614471436,-0.09334932267665863,0.5015076398849487,0.4252050518989563,-0.09817387163639069,0.5010900497436523,0.42351773381233215,-0.08808044344186783,0.5158771872520447,0.4348161816596985,-0.11959043890237808,0.5239642262458801,0.41470247507095337,-0.05228707939386368,0.5156887769699097,0.4527740776538849,-0.05633740872144699,0.5230836868286133,0.44001060724258423,0.026129934936761856,0.5143164992332458,0.4293797016143799,0.03623573109507561,0.52262282371521,0.43315744400024414,0.0894453302025795,0.5104739665985107,0.42414385080337524,0.0426483191549778,0.5237689018249512,0.4335295855998993,0.0993698462843895,0.5129212737083435,0.4223659038543701,0.03902621939778328,0.5230970978736877,0.43256568908691406,0.09383655339479446,0.5147149562835693,0.4237063229084015,0.03757597878575325,0.5227735638618469,0.4328087270259857,0.08957627415657043,0.510879635810852,0.523375928401947,-0.03658829629421234,0.5146156549453735,0.507805347442627,0.03667522221803665,0.46853742003440857,0.4771709144115448,-0.048282213509082794,0.4847753942012787,0.4448292553424835,0.023638274520635605,0.45490938425064087,0.5381361842155457,0.049752313643693924,0.46305012702941895,0.5175781846046448,0.08129218965768814,0.4560559391975403,0.5558449029922485,0.061226505786180496,0.4650200307369232,0.5320717692375183,0.0869947224855423,0.4386422634124756,0.5429968237876892,0.06315124034881592,0.4493347108364105,0.5163351893424988,0.0751446932554245
0461,./images/2/frame_00461.jpg,Fall,0.4981415271759033,0.4248201549053192,-0.12936052680015564,0.4987274706363678,0.41938281059265137,-0.13939988613128662,0.49936366081237793,0.4195273220539093,-0.13935580849647522,0.5002852082252502,0.41997507214546204,-0.13941136002540588,0.49773162603378296,0.4162754416465759,-0.13313399255275726,0.49917691946029663,0.4166569709777832,-0.13317075371742249,0.4997956156730652,0.4154397249221802,-0.13319002091884613,0.5061465501785278,0.41666531562805176,-0.14615526795387268,0.5021417140960693,0.4084562659263611,-0.11758400499820709,0.501426100730896,0.42550113797187805,-0.1276465356349945,0.5002257227897644,0.4237949252128601,-0.11948545277118683,0.5234307646751404,0.43454480171203613,-0.11795943975448608,0.5110577344894409,0.4131320118904114,-0.07121122628450394,0.5296686887741089,0.44978705048561096,-0.056998830288648605,0.5018754005432129,0.4290962517261505,-0.004026411101222038,0.5185035467147827,0.4299221336841583,0.024056386202573776,0.5041143894195557,0.4268409311771393,0.04229690879583359,0.5129855871200562,0.42423880100250244,0.03250112012028694,0.504989504814148,0.4281320869922638,0.0494009405374527,0.5147711038589478,0.4224626421928406,0.030820075422525406,0.5054693818092346,0.4278363883495331,0.044477641582489014,0.5163474678993225,0.4240584969520569,0.026117775589227676,0.5058093667030334,0.4282902479171753,0.04268594831228256,0.5117001533508301,0.522990882396698,-0.033288538455963135,0.5108628869056702,0.5053866505622864,0.03337781876325607,0.46876758337020874,0.4791989326477051,-0.04609879106283188,0.4827376902103424,0.44935888051986694,0.017482558265328407,0.45492109656333923,0.5379390120506287,0.054179511964321136,0.4619467258453369,0.5209465026855469,0.06446591764688492,0.4582754075527191,0.5560913681983948,0.06554608047008514,0.46491941809654236,0.5346028804779053,0.06894715875387192,0.43868231773376465,0.5438833236694336,0.06365528702735901,0.44486111402511597,0.5245161056518555,0.05366336181759834
0462,./images/2/frame_00462.jpg,Fall,0.4959920346736908,0.426939994096756,-0.13584984838962555,0.49648618698120117,0.42188340425491333,-0.14713597297668457,0.49730628728866577,0.42230546474456787,-0.14709867537021637,0.49826082587242126,0.42264044284820557,-0.14715951681137085,0.4950263500213623,0.4189007580280304,-0.13880783319473267,0.49527472257614136,0.4180331826210022,-0.13885535299777985,0.49543434381484985,0.4165102541446686,-0.1388770490884781,0.503879189491272,0.41845232248306274,-0.15940450131893158,0.5001669526100159,0.4096813499927521,-0.12126629054546356,0.49978476762771606,0.4285224974155426,-0.13626985251903534,0.4981195330619812,0.4262697994709015,-0.12542204558849335,0.52621990442276,0.4386816620826721,-0.13257363438606262,0.5108482241630554,0.4112250804901123,-0.07490293681621552,0.5324174165725708,0.4641317129135132,-0.0702887699007988,0.502048909664154,0.4366631805896759,-0.02103005163371563,0.5211111903190613,0.4447130858898163,0.012176703661680222,0.5063635110855103,0.43346312642097473,0.0027065237518399954,0.5161583423614502,0.44102197885513306,0.019750941544771194,0.5072203278541565,0.437418669462204,0.007146509829908609,0.5178489089012146,0.43733206391334534,0.01688108779489994,0.5075212717056274,0.43724578619003296,0.0027118485886603594,0.5191841125488281,0.4377443194389343,0.014153001829981804,0.5081263184547424,0.4368788003921509,0.002542933914810419,0.5137187242507935,0.5230837464332581,-0.03353951871395111,0.509304404258728,0.5006392002105713,0.03359062224626541,0.46898365020751953,0.480286180973053,-0.06412047147750854,0.48291483521461487,0.44656652212142944,0.00432047713547945,0.4545947015285492,0.5379723906517029,0.049125056713819504,0.460688054561615,0.5200745463371277,0.0536179319024086,0.4607126712799072,0.5559303760528564,0.060652486979961395,0.4635770320892334,0.5346788763999939,0.05814152956008911,0.43866515159606934,0.5437700748443604,0.060093171894550323,0.4440315365791321,0.523112416267395,0.044867806136608124
0463,./images/2/frame_00463.jpg,Fall,0.4947972893714905,0.42639681696891785,-0.1308378279209137,0.4951203763484955,0.4212409257888794,-0.14234048128128052,0.49609479308128357,0.4216257333755493,-0.14230433106422424,0.4968970715999603,0.4219811260700226,-0.1423608958721161,0.4942317008972168,0.41831329464912415,-0.1343742311000824,0.4944895803928375,0.4167432188987732,-0.13441933691501617,0.49473509192466736,0.41514354944229126,-0.13444215059280396,0.5018492937088013,0.4183911085128784,-0.15620332956314087,0.49947792291641235,0.40968120098114014,-0.11931920051574707,0.4986839294433594,0.42833077907562256,-0.13196848332881927,0.49730271100997925,0.4256487488746643,-0.12146332114934921,0.524943470954895,0.43900442123413086,-0.12870873510837555,0.5123720765113831,0.4122821092605591,-0.07081123441457748,0.5295610427856445,0.46631699800491333,-0.056036680936813354,0.5066666603088379,0.4440152049064636,-0.0053144958801567554,0.5241342186927795,0.4526403546333313,0.031981222331523895,0.506781280040741,0.4409579038619995,0.03331289067864418,0.521041750907898,0.44981151819229126,0.04117608815431595,0.5069341063499451,0.44253984093666077,0.04007713869214058,0.5230022668838501,0.44744592905044556,0.03621304780244827,0.5061482191085815,0.44183266162872314,0.034454137086868286,0.5235354900360107,0.447571724653244,0.03310270234942436,0.507032036781311,0.44169265031814575,0.03298499435186386,0.5136476159095764,0.5229318141937256,-0.034006986767053604,0.5089192390441895,0.5012481808662415,0.03406249359250069,0.4693860411643982,0.47627145051956177,-0.0677044540643692,0.4814843237400055,0.4465691149234772,-0.005372998304665089,0.4544726312160492,0.5379189848899841,0.04215274378657341,0.4594558775424957,0.5230667591094971,0.046472303569316864,0.4603669047355652,0.5557860732078552,0.05404161661863327,0.4616966247558594,0.5377693772315979,0.050856806337833405,0.43698176741600037,0.54581618309021,0.04872968792915344,0.44276857376098633,0.5292107462882996,0.0338512547314167
0464,./images/2/frame_00464.jpg,Fall,0.4933815002441406,0.42053475975990295,-0.0755719393491745,0.4932049810886383,0.41655588150024414,-0.08976741135120392,0.49342817068099976,0.41751617193222046,-0.08974394202232361,0.49359363317489624,0.4185798168182373,-0.08979379385709763,0.493657648563385,0.41237884759902954,-0.08077617734670639,0.49414926767349243,0.4108104407787323,-0.08080162107944489,0.49462026357650757,0.4093969166278839,-0.0808246061205864,0.49796009063720703,0.41833046078681946,-0.12292519956827164,0.49984946846961975,0.4075625538825989,-0.08259031176567078,0.4961969256401062,0.4245641827583313,-0.0844525620341301,0.49657201766967773,0.4208873212337494,-0.07279494404792786,0.5037877559661865,0.44263318181037903,-0.12779219448566437,0.5235078930854797,0.41288238763809204,-0.045428790152072906,0.4924505352973938,0.46931830048561096,-0.06616852432489395,0.5289132595062256,0.4443637430667877,0.032976455986499786,0.49221888184547424,0.4400092363357544,0.03518187254667282,0.5175384283065796,0.4411000609397888,0.10112547874450684,0.48910456895828247,0.4324478209018707,0.03927336633205414,0.5157882571220398,0.44254767894744873,0.11345493793487549,0.4934343695640564,0.42757877707481384,0.03636154904961586,0.5138670206069946,0.44258952140808105,0.105726458132267,0.49537283182144165,0.42973238229751587,0.03661701828241348,0.5142113566398621,0.4426794648170471,0.10030633211135864,0.5107339024543762,0.5229418277740479,-0.03729909658432007,0.5138593912124634,0.5017127990722656,0.037317004054784775,0.47039422392845154,0.47360512614250183,-0.05598529428243637,0.482959121465683,0.44303011894226074,0.034823548048734665,0.454141229391098,0.5390695929527283,0.043855931609869,0.462796151638031,0.5174598693847656,0.10450024902820587,0.4582601487636566,0.5566329956054688,0.05566876009106636,0.4643942713737488,0.5327678918838501,0.11103971302509308,0.4370196759700775,0.5454649329185486,0.06598202884197235,0.44617724418640137,0.5183752775192261,0.11431088298559189
0465,./images/2/frame_00465.jpg,Fall,0.4924026131629944,0.4208545684814453,-0.0927317887544632,0.4928364157676697,0.41686999797821045,-0.10586251318454742,0.49310341477394104,0.41769731044769287,-0.10583530366420746,0.49330753087997437,0.41866010427474976,-0.1058863028883934,0.4937199652194977,0.412286639213562,-0.09715006500482559,0.4942932724952698,0.41041773557662964,-0.09718149155378342,0.4948766827583313,0.40858742594718933,-0.09720297157764435,0.499470055103302,0.4183000922203064,-0.1303764283657074,0.49976879358291626,0.40740257501602173,-0.09114456176757812,0.49610981345176697,0.42467281222343445,-0.09826947748661041,0.49567800760269165,0.42127832770347595,-0.08687243610620499,0.5070191621780396,0.444004088640213,-0.12664225697517395,0.5229957699775696,0.40952473878860474,-0.04615621268749237,0.5065326690673828,0.47853100299835205,-0.05434659868478775,0.5306575894355774,0.4459425210952759,0.032356031239032745,0.4982382357120514,0.46008092164993286,0.05133069306612015,0.5224894285202026,0.4503357410430908,0.09870955348014832,0.4918259084224701,0.4568716287612915,0.058775343000888824,0.5211355090141296,0.45264732837677,0.11242878437042236,0.4976840019226074,0.4517016112804413,0.056067489087581635,0.5190595388412476,0.4534221589565277,0.10482826083898544,0.4982827603816986,0.45215708017349243,0.05311431735754013,0.5196248888969421,0.45283207297325134,0.09821706265211105,0.5108113884925842,0.522892951965332,-0.038619812577962875,0.5142154693603516,0.5019320249557495,0.03863319754600525,0.4713921546936035,0.4706135094165802,-0.05991709232330322,0.4835832715034485,0.4364819824695587,0.003847983432933688,0.45415163040161133,0.5399101972579956,0.01876315101981163,0.462655633687973,0.5161845684051514,0.03781851381063461,0.45796236395835876,0.5572562217712402,0.027654221281409264,0.464151531457901,0.532293975353241,0.03979318588972092,0.4372170567512512,0.545013427734375,0.02684328518807888,0.44625163078308105,0.5169849991798401,0.028041288256645203
0466,./images/2/frame_00466.jpg,Fall,0.49283862113952637,0.42120078206062317,-0.09702266752719879,0.49348655343055725,0.4169914722442627,-0.11029104888439178,0.49384579062461853,0.41778314113616943,-0.11026817560195923,0.49416494369506836,0.41870027780532837,-0.11032356321811676,0.4939035475254059,0.4125930666923523,-0.10161999613046646,0.49442213773727417,0.4106999337673187,-0.10165615379810333,0.49496564269065857,0.40881970524787903,-0.10168147087097168,0.5000090003013611,0.4176330864429474,-0.13339103758335114,0.5000543594360352,0.4046362638473511,-0.09463528543710709,0.4961414337158203,0.4255043864250183,-0.10263830423355103,0.49600285291671753,0.42142805457115173,-0.09133699536323547,0.5086122155189514,0.44339942932128906,-0.12950563430786133,0.5227833390235901,0.41066357493400574,-0.04864048212766647,0.507256031036377,0.48414885997772217,-0.0563974604010582,0.5295177698135376,0.45406031608581543,0.027718376368284225,0.5083705186843872,0.4841315746307373,0.04137693718075752,0.5216416120529175,0.4606787860393524,0.09246480464935303,0.5066038966178894,0.4850776791572571,0.04810084030032158,0.5205100774765015,0.46255600452423096,0.10690243542194366,0.5090598464012146,0.48051565885543823,0.04515327513217926,0.5181154012680054,0.4620134234428406,0.09826071560382843,0.5093437433242798,0.479176789522171,0.04302483797073364,0.5187521576881409,0.46116456389427185,0.09150806814432144,0.5109196901321411,0.5228011012077332,-0.039551954716444016,0.5146418809890747,0.5017682313919067,0.039564840495586395,0.4721687436103821,0.46719568967819214,-0.05942593887448311,0.48359689116477966,0.4367222189903259,0.0058591533452272415,0.454052597284317,0.5399424433708191,0.028579557314515114,0.46254763007164,0.5129598379135132,0.046876899898052216,0.4573151171207428,0.557640016078949,0.038874708116054535,0.4640280306339264,0.5291763544082642,0.049831192940473557,0.43683725595474243,0.5446983575820923,0.039346709847450256,0.44624409079551697,0.5123674869537354,0.03984680399298668
0467,./images/2/frame_00467.jpg,Fall,0.4915524423122406,0.42129284143447876,-0.07640654593706131,0.4912942945957184,0.41614460945129395,-0.09104536473751068,0.4910685420036316,0.4169415235519409,-0.09102224558591843,0.4908098578453064,0.4179203510284424,-0.09106460958719254,0.49230408668518066,0.4122180640697479,-0.08281923085451126,0.49297040700912476,0.4102493226528168,-0.0828525647521019,0.49370574951171875,0.40828320384025574,-0.08288148790597916,0.4942518174648285,0.4176277220249176,-0.12378598749637604,0.4990454316139221,0.40498220920562744,-0.08673268556594849,0.4948391020298004,0.4249454438686371,-0.08488777279853821,0.4951382577419281,0.4216897189617157,-0.07407984882593155,0.5004191994667053,0.4463290870189667,-0.12838758528232574,0.524795651435852,0.411133348941803,-0.04363813251256943,0.49694880843162537,0.49761152267456055,-0.06169429421424866,0.5383718013763428,0.4557066559791565,0.033159039914608,0.494516521692276,0.49113333225250244,0.039666082710027695,0.5236775875091553,0.45941752195358276,0.10144434124231339,0.4916858673095703,0.49135512113571167,0.04286587983369827,0.5218005180358887,0.4598409831523895,0.11586295068264008,0.49531131982803345,0.4850544035434723,0.040923018008470535,0.5182517170906067,0.45941340923309326,0.10753752291202545,0.49690350890159607,0.48371413350105286,0.04241325706243515,0.5189192891120911,0.4593779742717743,0.10052093118429184,0.5089353322982788,0.5228770971298218,-0.040441811084747314,0.5170552134513855,0.5026676654815674,0.040454454720020294,0.46982771158218384,0.4652635455131531,-0.04489036649465561,0.4836025834083557,0.4369773864746094,0.0168832428753376,0.45406943559646606,0.5400651693344116,0.030917024239897728,0.46108478307724,0.5132983326911926,0.06482924520969391,0.4571678638458252,0.5588172078132629,0.04028476029634476,0.4629555344581604,0.531467616558075,0.06850063055753708,0.43667060136795044,0.5448935031890869,0.043112922459840775,0.4446922838687897,0.5127868056297302,0.06392039358615875
0468,./images/2/frame_00468.jpg,Fall,0.4911733567714691,0.4195633828639984,-0.07407303154468536,0.4901321828365326,0.4154215157032013,-0.08855964243412018,0.48987430334091187,0.41646808385849,-0.08853652328252792,0.489642858505249,0.41765785217285156,-0.08857733011245728,0.49214011430740356,0.4101678729057312,-0.07951278984546661,0.4928922653198242,0.40806347131729126,-0.0795440673828125,0.49370574951171875,0.4059590995311737,-0.0795745700597763,0.4934919476509094,0.4177749752998352,-0.12142764031887054,0.49900442361831665,0.404587060213089,-0.08052533864974976,0.4943603575229645,0.42431873083114624,-0.08272971212863922,0.4949272572994232,0.4208073616027832,-0.07079967111349106,0.499311625957489,0.44941097497940063,-0.12772852182388306,0.5260360240936279,0.41182741522789,-0.038237109780311584,0.4917641580104828,0.4954584240913391,-0.06622275710105896,0.5393304824829102,0.4550902545452118,0.04239097237586975,0.4853411614894867,0.47717392444610596,0.03333257883787155,0.5223984718322754,0.4569726586341858,0.10765638202428818,0.4809422492980957,0.4757373332977295,0.033295776695013046,0.5210590958595276,0.4574621319770813,0.12134383618831635,0.4849523603916168,0.46882039308547974,0.03224315866827965,0.5174199342727661,0.4574328660964966,0.11114279180765152,0.4873811602592468,0.4683401882648468,0.03527212515473366,0.5183658599853516,0.45759835839271545,0.10595810413360596,0.5092264413833618,0.5230986475944519,-0.04172291234135628,0.518520712852478,0.5021920800209045,0.04175224155187607,0.4714336395263672,0.4660003185272217,-0.048217274248600006,0.4844319224357605,0.43732258677482605,0.02168835885822773,0.45407992601394653,0.5399702191352844,0.024969762191176414,0.4611643850803375,0.5135301947593689,0.07311476767063141,0.4565664231777191,0.5592092871665955,0.03429664671421051,0.46293315291404724,0.5313822627067566,0.07745485007762909,0.43669551610946655,0.5447613596916199,0.0423378087580204,0.444796621799469,0.5125135779380798,0.07577409595251083
0469,./images/2/frame_00469.jpg,Fall,0.4918350279331207,0.4195184111595154,-0.06766937673091888,0.49120253324508667,0.41514378786087036,-0.0819414034485817,0.48986929655075073,0.4157446622848511,-0.08191553503274918,0.48957428336143494,0.4171822965145111,-0.08195777982473373,0.49265846610069275,0.4101441204547882,-0.07417621463537216,0.49338579177856445,0.40810132026672363,-0.07420571148395538,0.49414634704589844,0.40606799721717834,-0.07423532009124756,0.49349886178970337,0.41777241230010986,-0.11491002142429352,0.49889498949050903,0.4048762917518616,-0.07944397628307343,0.49414101243019104,0.4234127998352051,-0.07635067403316498,0.49536338448524475,0.42081451416015625,-0.06610935181379318,0.49802517890930176,0.44807925820350647,-0.11765725910663605,0.5263949632644653,0.4131965935230255,-0.039651766419410706,0.49741142988204956,0.4900011420249939,-0.05117477849125862,0.5420494079589844,0.4543132483959198,0.041073109954595566,0.495392382144928,0.477435439825058,0.04388205707073212,0.5247026085853577,0.45953992009162903,0.11325196176767349,0.4903268814086914,0.4760949909687042,0.04629340022802353,0.5220887660980225,0.46008583903312683,0.12815864384174347,0.4934113919734955,0.46996527910232544,0.04435262084007263,0.5182856917381287,0.46081289649009705,0.11848851293325424,0.4960036873817444,0.4695489704608917,0.044896259903907776,0.5192492604255676,0.46098747849464417,0.11201802641153336,0.5086116790771484,0.5237581133842468,-0.04123011603951454,0.5194942355155945,0.5022071599960327,0.041266731917858124,0.47048863768577576,0.4680224657058716,-0.04014372453093529,0.48482298851013184,0.43782275915145874,0.03658227249979973,0.45399561524391174,0.5404278039932251,0.040242426097393036,0.46310099959373474,0.5130457878112793,0.0933893620967865,0.4564744830131531,0.5596063137054443,0.04960666224360466,0.46449369192123413,0.529636561870575,0.09819723665714264,0.4367620050907135,0.5446249842643738,0.0586249940097332,0.44490018486976624,0.5131285190582275,0.0978541448712349
0470,./images/2/frame_00470.jpg,Fall,0.49104493856430054,0.4197753965854645,-0.07280657440423965,0.48925504088401794,0.41529133915901184,-0.08708883821964264,0.4885980188846588,0.4158981442451477,-0.0870642140507698,0.48822349309921265,0.41723746061325073,-0.08710597455501556,0.4917508065700531,0.4104485511779785,-0.07912150025367737,0.492515504360199,0.40843141078948975,-0.07915866374969482,0.4933475852012634,0.40641966462135315,-0.0791882574558258,0.49152740836143494,0.4181773364543915,-0.12029989063739777,0.4979395270347595,0.405349999666214,-0.08401186764240265,0.49317145347595215,0.42352578043937683,-0.08176301419734955,0.4949410557746887,0.4205891191959381,-0.0712364912033081,0.4962356984615326,0.4512091279029846,-0.1211438998579979,0.5259472727775574,0.413527250289917,-0.04303145781159401,0.495318740606308,0.4950149953365326,-0.06118006259202957,0.5428225994110107,0.4538283050060272,0.03476564958691597,0.4942869246006012,0.48479509353637695,0.03507421165704727,0.5238664746284485,0.4600023627281189,0.1025792583823204,0.49120163917541504,0.4843180477619171,0.03583282232284546,0.5213403105735779,0.46028420329093933,0.11620916426181793,0.49460822343826294,0.47803089022636414,0.03426237776875496,0.5180072784423828,0.461539626121521,0.10659964382648468,0.4964643120765686,0.47721067070961,0.03572044521570206,0.5192192792892456,0.461995005607605,0.10113833844661713,0.5083388090133667,0.5251864194869995,-0.04119313508272171,0.5201496481895447,0.5023872256278992,0.041231248527765274,0.472032368183136,0.46749696135520935,-0.03234156221151352,0.48505258560180664,0.4378963112831116,0.041527338325977325,0.4540426731109619,0.5404250025749207,0.0508047416806221,0.46434181928634644,0.5133329629898071,0.10832345485687256,0.4565170705318451,0.5598872900009155,0.06038627028465271,0.46581611037254333,0.5296511650085449,0.11432261765003204,0.4383401870727539,0.5424843430519104,0.06888736039400101,0.4452735483646393,0.5143056511878967,0.11550669372081757
0471,./images/2/frame_00471.jpg,Fall,0.490619033575058,0.42067134380340576,-0.06479895859956741,0.48887211084365845,0.41644832491874695,-0.08030152320861816,0.4883500635623932,0.41719114780426025,-0.08027331531047821,0.4879283308982849,0.41841891407966614,-0.08030273020267487,0.49074745178222656,0.4123544991016388,-0.07157184183597565,0.4915589392185211,0.41017550230026245,-0.07159862667322159,0.49244579672813416,0.40797311067581177,-0.07162326574325562,0.49075788259506226,0.4193183183670044,-0.11885301023721695,0.4972940981388092,0.40726691484451294,-0.07930637151002884,0.4927014410495758,0.42507755756378174,-0.07568306475877762,0.49471402168273926,0.42160236835479736,-0.06412540376186371,0.4964471459388733,0.4517282247543335,-0.12730304896831512,0.5254160165786743,0.4139021933078766,-0.04147376865148544,0.48595815896987915,0.49509844183921814,-0.07455866038799286,0.5415128469467163,0.45072486996650696,0.032231107354164124,0.48265084624290466,0.47845330834388733,0.02047755755484104,0.5116442441940308,0.4588203430175781,0.09655848890542984,0.4794207215309143,0.4790419638156891,0.02026970311999321,0.5070329904556274,0.4575425386428833,0.11250513792037964,0.4837966859340668,0.4747840464115143,0.02114792913198471,0.5034895539283752,0.46127358078956604,0.09706392139196396,0.48560500144958496,0.47440657019615173,0.022395823150873184,0.5049302577972412,0.46114909648895264,0.09268388897180557,0.5084344148635864,0.5255258083343506,-0.04131706431508064,0.5196722745895386,0.5024645328521729,0.041349589824676514,0.4738871455192566,0.46699196100234985,-0.03919843211770058,0.48503273725509644,0.44306713342666626,0.04435237497091293,0.4540487229824066,0.5402430891990662,0.029044553637504578,0.4614420533180237,0.5175460577011108,0.10124627500772476,0.45540523529052734,0.5597870945930481,0.03655584156513214,0.4619256556034088,0.5332779884338379,0.10623952001333237,0.4384279251098633,0.5416373014450073,0.04413396865129471,0.4449237287044525,0.5145189762115479,0.10681381076574326
0472,./images/2/frame_00472.jpg,Fall,0.49007362127304077,0.4221731424331665,-0.05806572362780571,0.4882689118385315,0.4178890585899353,-0.07338286936283112,0.48785558342933655,0.4186399579048157,-0.0733591765165329,0.4874797463417053,0.41980621218681335,-0.07339049875736237,0.48975563049316406,0.41511863470077515,-0.06466846168041229,0.4905311167240143,0.41287514567375183,-0.06469406187534332,0.4913862347602844,0.4106025695800781,-0.06472046673297882,0.490370512008667,0.420398086309433,-0.11282014846801758,0.496502548456192,0.4093403220176697,-0.0728241503238678,0.492360919713974,0.4268740713596344,-0.06925699859857559,0.49424201250076294,0.4230731129646301,-0.05764104053378105,0.4962056279182434,0.4511430561542511,-0.1257161796092987,0.5251051187515259,0.4145051836967468,-0.03625151142477989,0.48585596680641174,0.49462559819221497,-0.0714808776974678,0.5396658182144165,0.4513239562511444,0.03509235382080078,0.482597678899765,0.47725269198417664,0.02386731654405594,0.5106555223464966,0.4586634337902069,0.09487223625183105,0.47943219542503357,0.47601449489593506,0.024767184630036354,0.5067752599716187,0.45766788721084595,0.10850511491298676,0.48369136452674866,0.47002533078193665,0.024858571588993073,0.5031559467315674,0.4600387215614319,0.09728549420833588,0.4854753911495209,0.46964484453201294,0.02557307854294777,0.5042990446090698,0.4602898061275482,0.0924515351653099,0.5085659027099609,0.5263397693634033,-0.04157933220267296,0.5200662612915039,0.5034810900688171,0.04160065948963165,0.47406134009361267,0.4666708707809448,-0.038507331162691116,0.485708087682724,0.44274482131004333,0.049247004091739655,0.4544273316860199,0.5402066707611084,0.03043627366423607,0.4615851044654846,0.5175714492797852,0.10962575674057007,0.45554232597351074,0.5607563257217407,0.038507577031850815,0.46203476190567017,0.5332338809967041,0.11496517807245255,0.43852001428604126,0.5416555404663086,0.046501848846673965,0.4454018473625183,0.5146504044532776,0.11696307361125946
0473,./images/2/frame_00473.jpg,Fall,0.490428626537323,0.4251522421836853,-0.046729154884815216,0.4886202812194824,0.4203808307647705,-0.062366873025894165,0.4882814884185791,0.42089661955833435,-0.06233246251940727,0.4879801869392395,0.4216953217983246,-0.06235310435295105,0.48953643441200256,0.41957584023475647,-0.053633153438568115,0.49027782678604126,0.41738057136535645,-0.05365713685750961,0.4910946488380432,0.4151693880558014,-0.053679633885622025,0.4906977117061615,0.4212791323661804,-0.10425738990306854,0.49603956937789917,0.41116732358932495,-0.06417974084615707,0.4926535487174988,0.4293678402900696,-0.05901077389717102,0.4943721294403076,0.4260137677192688,-0.04740307107567787,0.4978213906288147,0.45059606432914734,-0.12074929475784302,0.5230234265327454,0.4145583212375641,-0.029987478628754616,0.4846511781215668,0.493352472782135,-0.06941524893045425,0.5274189710617065,0.4514177143573761,0.03358045965433121,0.4816994071006775,0.46610260009765625,0.025511810556054115,0.5036517977714539,0.45837685465812683,0.07533708959817886,0.47863587737083435,0.462067186832428,0.02791019156575203,0.4991742670536041,0.4569580852985382,0.08731010556221008,0.48288148641586304,0.4559003710746765,0.02617383375763893,0.49601268768310547,0.45994508266448975,0.07796730101108551,0.48441562056541443,0.4559154212474823,0.025888990610837936,0.4976171851158142,0.46019604802131653,0.07325507700443268,0.5085781812667847,0.5268357396125793,-0.04170472174882889,0.5199654698371887,0.5064566135406494,0.04172378033399582,0.4757286608219147,0.4652484059333801,-0.04012724757194519,0.4851793348789215,0.44565513730049133,0.043825697153806686,0.4544278681278229,0.5401665568351746,0.016307653859257698,0.459200382232666,0.521115779876709,0.09687397629022598,0.4551050662994385,0.5606527328491211,0.023188937455415726,0.45935073494911194,0.5363515615463257,0.10298638045787811,0.43849343061447144,0.541675865650177,0.02806236408650875,0.44486889243125916,0.5169599056243896,0.10097841918468475
0474,./images/2/frame_00474.jpg,Fall,0.4896830916404724,0.42549142241477966,-0.05753088742494583,0.487811416387558,0.42066702246665955,-0.07290052622556686,0.48740142583847046,0.4212297201156616,-0.07286843657493591,0.48701539635658264,0.42206627130508423,-0.07289586961269379,0.48836129903793335,0.4194602072238922,-0.0638539269566536,0.4891422688961029,0.41731977462768555,-0.06387965381145477,0.4899998605251312,0.41516584157943726,-0.06390181928873062,0.4896271228790283,0.4217887818813324,-0.11196515709161758,0.49573859572410583,0.41157129406929016,-0.07167445123195648,0.4918375611305237,0.4298495948314667,-0.06911413371562958,0.493753045797348,0.4264620840549469,-0.0571654848754406,0.4956817030906677,0.4514683485031128,-0.12645165622234344,0.522986888885498,0.41516607999801636,-0.03496953472495079,0.48538970947265625,0.49626922607421875,-0.07621729373931885,0.5280088782310486,0.45138120651245117,0.03054625913500786,0.48236513137817383,0.48024290800094604,0.019799761474132538,0.5057122707366943,0.45840126276016235,0.07962236553430557,0.4794841408729553,0.47820499539375305,0.02003331109881401,0.5014702081680298,0.45731350779533386,0.09205260127782822,0.4835479259490967,0.47166740894317627,0.020818892866373062,0.4978443682193756,0.45962080359458923,0.08240247517824173,0.4851449131965637,0.4711371064186096,0.021475045010447502,0.4990912079811096,0.46008622646331787,0.07759128510951996,0.5076032876968384,0.5270740389823914,-0.04166689142584801,0.5204776525497437,0.5062620639801025,0.0416804663836956,0.47538572549819946,0.46538132429122925,-0.040450967848300934,0.48524951934814453,0.4452042877674103,0.04699233919382095,0.45458802580833435,0.540570855140686,0.02251993492245674,0.45926347374916077,0.5210039615631104,0.10224394500255585,0.4552210867404938,0.5613638758659363,0.030074631795287132,0.4595654010772705,0.5361997485160828,0.10707168281078339,0.43867310881614685,0.5426473617553711,0.03498758748173714,0.4448874890804291,0.518685519695282,0.10659001767635345
0475,./images/2/frame_00475.jpg,Fall,0.48899325728416443,0.42394158244132996,-0.06306473165750504,0.4870740473270416,0.4199316203594208,-0.07808879017829895,0.48649144172668457,0.4208359718322754,-0.0780581682920456,0.4859407842159271,0.4218748211860657,-0.07808996737003326,0.48879414796829224,0.4166761636734009,-0.06938402354717255,0.4896737039089203,0.4148114025592804,-0.06941168755292892,0.4905523657798767,0.41296032071113586,-0.06943513453006744,0.4881337583065033,0.42163047194480896,-0.11459915339946747,0.4957647919654846,0.4114947021007538,-0.07633747160434723,0.4907730221748352,0.42935261130332947,-0.07332019507884979,0.4933684766292572,0.42480990290641785,-0.06191733479499817,0.4919666647911072,0.4536256194114685,-0.12496255338191986,0.523368775844574,0.4161643087863922,-0.04047020897269249,0.4863513112068176,0.49635860323905945,-0.07106498628854752,0.5353595018386841,0.4480990171432495,0.03510848432779312,0.4856594204902649,0.47750771045684814,0.02239513024687767,0.5093788504600525,0.45803529024124146,0.10542420297861099,0.4828595221042633,0.47524622082710266,0.023025531321763992,0.5038354396820068,0.4572274088859558,0.1203518882393837,0.48670515418052673,0.4691791534423828,0.022939402610063553,0.4980434477329254,0.4590434730052948,0.10904409736394882,0.48833155632019043,0.46858295798301697,0.023887304589152336,0.49990829825401306,0.45950958132743835,0.10345007479190826,0.5056496858596802,0.5247840285301208,-0.04105152562260628,0.5215543508529663,0.5037470459938049,0.041048821061849594,0.47518500685691833,0.46519291400909424,-0.036374181509017944,0.4853195548057556,0.4424187242984772,0.04696065932512283,0.4541873037815094,0.5463617444038391,0.025800615549087524,0.46296924352645874,0.5191912055015564,0.10221449285745621,0.45528239011764526,0.5608370304107666,0.0315745547413826,0.46347665786743164,0.5343665480613708,0.10689209401607513,0.43868693709373474,0.5442904829978943,0.03568998724222183,0.44556885957717896,0.5186471939086914,0.1057647317647934
0476,./images/2/frame_00476.jpg,Fall,0.48842373490333557,0.42210280895233154,-0.05891698598861694,0.48605218529701233,0.4181937277317047,-0.07407449185848236,0.4854099750518799,0.41958287358283997,-0.07403837889432907,0.48481982946395874,0.4209870994091034,-0.0740620344877243,0.4884510636329651,0.4133187234401703,-0.06741846352815628,0.48947811126708984,0.41160592436790466,-0.06744780391454697,0.4905988574028015,0.41005849838256836,-0.06747817993164062,0.4870971143245697,0.4215065538883209,-0.1101522296667099,0.4952224791049957,0.4107789397239685,-0.07685036957263947,0.48982253670692444,0.42727798223495483,-0.06850676238536835,0.49308720231056213,0.4217102825641632,-0.0597769133746624,0.48592454195022583,0.45371127128601074,-0.11337459087371826,0.5236974954605103,0.4169817566871643,-0.0472322478890419,0.4863320291042328,0.49489402770996094,-0.050022613257169724,0.5428324341773987,0.4453887939453125,0.035062987357378006,0.48574572801589966,0.47614508867263794,0.03818654641509056,0.5190679430961609,0.4596480131149292,0.11074831336736679,0.4860254228115082,0.47373834252357483,0.039290182292461395,0.514717698097229,0.4615805745124817,0.12487784773111343,0.4901236593723297,0.4676586985588074,0.03747512027621269,0.5105164647102356,0.46484988927841187,0.11355666071176529,0.4909348487854004,0.4672389626502991,0.03870005160570145,0.5113655924797058,0.4646415710449219,0.10894006490707397,0.5048443078994751,0.524007260799408,-0.03912539780139923,0.5229135751724243,0.5039300322532654,0.03907952457666397,0.47298866510391235,0.47168442606925964,-0.023655753582715988,0.4860854148864746,0.4411524832248688,0.05389831215143204,0.4541237950325012,0.5456547141075134,0.04943788796663284,0.46760159730911255,0.514283299446106,0.11572328954935074,0.45534366369247437,0.5600639581680298,0.05799082666635513,0.46815696358680725,0.5286687612533569,0.12109893560409546,0.439069926738739,0.5442608594894409,0.0642930120229721,0.45099371671676636,0.5154428482055664,0.11971215903759003
0477,./images/2/frame_00477.jpg,Fall,0.48862606287002563,0.42161238193511963,-0.05794137716293335,0.4862212538719177,0.4181915819644928,-0.073360875248909,0.48551803827285767,0.4195757508277893,-0.07332749664783478,0.4848145544528961,0.42097994685173035,-0.07335792481899261,0.48872309923171997,0.4132666289806366,-0.06718169152736664,0.4897591471672058,0.4114605784416199,-0.0672110989689827,0.490792453289032,0.40993067622184753,-0.06723739206790924,0.48699504137039185,0.4218962788581848,-0.11001032590866089,0.49531859159469604,0.4107232093811035,-0.07924181967973709,0.48993539810180664,0.4271391034126282,-0.06772038340568542,0.49326539039611816,0.42134225368499756,-0.05957654118537903,0.48721766471862793,0.4545912742614746,-0.1121307983994484,0.5247560739517212,0.41849273443222046,-0.05166856572031975,0.4847346842288971,0.4912559390068054,-0.04801652580499649,0.5409430861473083,0.4433269202709198,0.0340735949575901,0.48714518547058105,0.46909311413764954,0.04196317121386528,0.5180105566978455,0.4595116972923279,0.11071334034204483,0.48648983240127563,0.46595463156700134,0.04279354587197304,0.514043927192688,0.4605873227119446,0.12403649091720581,0.4910052716732025,0.46042123436927795,0.04008447006344795,0.5101049542427063,0.46347394585609436,0.11248601973056793,0.49133896827697754,0.46071019768714905,0.04200834035873413,0.5110195279121399,0.4634655714035034,0.10877760499715805,0.5043960213661194,0.5238248705863953,-0.03630726411938667,0.524439811706543,0.5039515495300293,0.036241885274648666,0.47301068902015686,0.46946293115615845,-0.016901785507798195,0.48811572790145874,0.43649822473526,0.062388718128204346,0.4548609256744385,0.5455089807510376,0.05291838198900223,0.47257694602012634,0.5038585066795349,0.12796707451343536,0.45639896392822266,0.5592306852340698,0.06147678941488266,0.4731217920780182,0.517768383026123,0.1338651329278946,0.4394182562828064,0.5442044734954834,0.06961353123188019,0.45799532532691956,0.5061244964599609,0.13374903798103333
0478,./images/2/frame_00478.jpg,Fall,0.4874598979949951,0.42207586765289307,-0.06257586926221848,0.48497000336647034,0.41904422640800476,-0.07870490849018097,0.4843927323818207,0.4203523099422455,-0.0786655992269516,0.4838612973690033,0.4217044711112976,-0.07869261503219604,0.48749130964279175,0.415006548166275,-0.07209143042564392,0.48850685358047485,0.4129566550254822,-0.0721174106001854,0.4895637035369873,0.4110535979270935,-0.0721392035484314,0.4864821434020996,0.42266905307769775,-0.11582086980342865,0.4939308762550354,0.4107561707496643,-0.08371221274137497,0.4891049861907959,0.4274720847606659,-0.07240758836269379,0.4922894835472107,0.4215613007545471,-0.06381913274526596,0.489107608795166,0.45628273487091064,-0.11658654361963272,0.5234453082084656,0.41851314902305603,-0.050402186810970306,0.48528027534484863,0.49415409564971924,-0.052254319190979004,0.5398285984992981,0.44294875860214233,0.03362927585840225,0.4879063069820404,0.4712725877761841,0.038874782621860504,0.5174320936203003,0.4594031572341919,0.10563065856695175,0.48675137758255005,0.4675350487232208,0.03714354336261749,0.5137170553207397,0.4602334797382355,0.11891144514083862,0.4910694658756256,0.4612090289592743,0.03370680287480354,0.5100783109664917,0.4625689685344696,0.1077217310667038,0.4916349947452545,0.461717426776886,0.037565700709819794,0.5109426975250244,0.46268510818481445,0.10369589179754257,0.5048154592514038,0.5237564444541931,-0.03677094355225563,0.5243891477584839,0.5026511549949646,0.03672312572598457,0.47070008516311646,0.47574669122695923,-0.02548101916909218,0.4877021312713623,0.4370444118976593,0.05399249121546745,0.45493584871292114,0.5448643565177917,0.04653026908636093,0.4700772166252136,0.5066960453987122,0.1153014525771141,0.4562775194644928,0.5587838292121887,0.05508460849523544,0.47067970037460327,0.5212178230285645,0.12068207561969757,0.43932539224624634,0.5444039702415466,0.06202629953622818,0.4566492438316345,0.5067812204360962,0.12025711685419083
0479,./images/2/frame_00479.jpg,Fall,0.4868791997432709,0.4223686754703522,-0.05797114223241806,0.4846356511116028,0.41923218965530396,-0.07361993938684464,0.48400625586509705,0.42053794860839844,-0.07358197122812271,0.4834296703338623,0.42193248867988586,-0.07360409945249557,0.4872163236141205,0.4150068461894989,-0.06732762604951859,0.4882136285305023,0.41295650601387024,-0.0673598125576973,0.4894271492958069,0.41107285022735596,-0.0673874169588089,0.48577016592025757,0.4228309094905853,-0.11078260838985443,0.4934598505496979,0.4107494056224823,-0.08212617039680481,0.4888173043727875,0.427490770816803,-0.06792351603507996,0.4921420216560364,0.42165607213974,-0.059612520039081573,0.48833832144737244,0.45688459277153015,-0.11187455803155899,0.5239518880844116,0.41869065165519714,-0.05054018646478653,0.4837132394313812,0.49533742666244507,-0.05253440886735916,0.5389366149902344,0.4419153928756714,0.03311321511864662,0.48448342084884644,0.4713400900363922,0.037038493901491165,0.5144466757774353,0.4577929675579071,0.10284018516540527,0.48246079683303833,0.467773973941803,0.03596975654363632,0.510524570941925,0.4596084952354431,0.11819784343242645,0.4875257909297943,0.4612291157245636,0.03266356140375137,0.5065116286277771,0.46229350566864014,0.10451258718967438,0.48872050642967224,0.46162959933280945,0.0371432900428772,0.5068589448928833,0.46237918734550476,0.1013694629073143,0.5046477317810059,0.523786187171936,-0.03580595180392265,0.5249518752098083,0.5031968951225281,0.035765718668699265,0.470341295003891,0.4762588441371918,-0.023077450692653656,0.4894270896911621,0.4361937940120697,0.05400370806455612,0.45478469133377075,0.543423056602478,0.05078950524330139,0.4688381552696228,0.5080896019935608,0.11949227005243301,0.4562772810459137,0.5573808550834656,0.05948765203356743,0.4694850444793701,0.5230368375778198,0.1253039389848709,0.4392925798892975,0.5448678135871887,0.06495386362075806,0.45408201217651367,0.5105886459350586,0.12217403948307037
0480,./images/2/frame_00480.jpg,Fall,0.48652997612953186,0.4223804473876953,-0.05256195738911629,0.4845125079154968,0.41922104358673096,-0.06761248409748077,0.4837539792060852,0.42051517963409424,-0.06757594645023346,0.4831778109073639,0.42189285159111023,-0.06759854406118393,0.4868464469909668,0.41497308015823364,-0.061467479914426804,0.48792290687561035,0.4129326641559601,-0.06150105595588684,0.4890322685241699,0.4110795855522156,-0.06153310462832451,0.4855087399482727,0.422797828912735,-0.10422005504369736,0.49297046661376953,0.4107707440853119,-0.07656367123126984,0.48862069845199585,0.4273805320262909,-0.06249217316508293,0.4918211102485657,0.4217015504837036,-0.05438549444079399,0.48826104402542114,0.4571710228919983,-0.10642732679843903,0.5240851044654846,0.41870930790901184,-0.050429534167051315,0.4848228394985199,0.4977722465991974,-0.047925952821969986,0.5382823348045349,0.4416695833206177,0.031999826431274414,0.4855232834815979,0.4764978289604187,0.038632381707429886,0.5144601464271545,0.45789778232574463,0.09797712415456772,0.4834279417991638,0.47390827536582947,0.03873615711927414,0.510574221611023,0.46011239290237427,0.11022771894931793,0.4882546067237854,0.4665476381778717,0.03677326813340187,0.5066009759902954,0.46331578493118286,0.09746353328227997,0.4895094931125641,0.4665379524230957,0.039039403200149536,0.507002055644989,0.46332740783691406,0.09566222131252289,0.5051859617233276,0.5250751972198486,-0.03541164472699165,0.5252389907836914,0.5030503869056702,0.03537837415933609,0.470428466796875,0.47768434882164,-0.022292913869023323,0.48994913697242737,0.43656912446022034,0.052138298749923706,0.45463991165161133,0.5431810617446899,0.04847995564341545,0.46815934777259827,0.5081851482391357,0.1156807392835617,0.456295907497406,0.5565312504768372,0.05676683783531189,0.46885544061660767,0.5236764550209045,0.12295309454202652,0.43811464309692383,0.5469723343849182,0.061313409358263016,0.4529329836368561,0.5133944153785706,0.11216721683740616
0481,./images/2/frame_00481.jpg,Fall,0.48606619238853455,0.4243483245372772,-0.04522230103611946,0.4838810861110687,0.42078396677970886,-0.05899984389543533,0.48338985443115234,0.42171525955200195,-0.05897000432014465,0.48296913504600525,0.422789990901947,-0.058993637561798096,0.48545223474502563,0.4192427396774292,-0.05142325907945633,0.48614972829818726,0.417227566242218,-0.051445044577121735,0.4868997037410736,0.4152206480503082,-0.05146985501050949,0.48579978942871094,0.4229869544506073,-0.09258018434047699,0.4911588132381439,0.41171547770500183,-0.05783016234636307,0.4884478449821472,0.42817580699920654,-0.05444951727986336,0.4905396103858948,0.424010306596756,-0.04443900287151337,0.4902416169643402,0.45202013850212097,-0.09943216294050217,0.5207372903823853,0.41867920756340027,-0.022688983008265495,0.4904019832611084,0.4958966076374054,-0.03903530165553093,0.5352205038070679,0.44750773906707764,0.047985803335905075,0.4926404356956482,0.4781172573566437,0.054706208407878876,0.5135000348091125,0.4677377939224243,0.10622982680797577,0.4913410544395447,0.47659221291542053,0.05827590823173523,0.5093050003051758,0.4715087115764618,0.11949485540390015,0.49468937516212463,0.4698066711425781,0.0572185218334198,0.5058983564376831,0.4729088544845581,0.10896708071231842,0.4954521059989929,0.4692748486995697,0.05606064200401306,0.5066953897476196,0.47173818945884705,0.10402043163776398,0.5077321529388428,0.5264884233474731,-0.03929578512907028,0.5249501466751099,0.5059643387794495,0.03925099968910217,0.47051945328712463,0.47763732075691223,-0.026237109676003456,0.48786669969558716,0.44331830739974976,0.05063725635409355,0.4545913636684418,0.5430917739868164,0.029104391112923622,0.46393004059791565,0.5163405537605286,0.08885063230991364,0.4562968313694,0.557776927947998,0.03568131476640701,0.46452778577804565,0.5308987498283386,0.0914747565984726,0.4381294846534729,0.5474158525466919,0.03681691735982895,0.4467834532260895,0.5202068090438843,0.08312562853097916
0482,./images/2/frame_00482.jpg,Fall,0.4855263829231262,0.42664581537246704,-0.05196754261851311,0.4833277761936188,0.42238649725914,-0.060913342982530594,0.48303309082984924,0.4229513704776764,-0.0608610138297081,0.48277053236961365,0.42370784282684326,-0.06086151674389839,0.48413005471229553,0.4242493808269501,-0.05530884861946106,0.4845844805240631,0.42238950729370117,-0.05532187223434448,0.48509639501571655,0.4205003082752228,-0.05536026880145073,0.4859065115451813,0.42306044697761536,-0.10034094750881195,0.48960933089256287,0.41306838393211365,-0.0657593384385109,0.4882946014404297,0.4299200177192688,-0.05916408449411392,0.48961687088012695,0.42680487036705017,-0.04705677926540375,0.4962960183620453,0.4468906819820404,-0.10544071346521378,0.51725834608078,0.41627180576324463,-0.027920251712203026,0.49707120656967163,0.495510071516037,-0.0431990846991539,0.5242410898208618,0.4571339190006256,0.039203207939863205,0.4952356219291687,0.4834285378456116,0.046277277171611786,0.5089201927185059,0.4747875928878784,0.08214233815670013,0.49323058128356934,0.48305076360702515,0.048644401133060455,0.505979061126709,0.4789905548095703,0.09469762444496155,0.49594801664352417,0.4769730865955353,0.0479530468583107,0.5029830932617188,0.4786073863506317,0.0852133110165596,0.49680662155151367,0.47589194774627686,0.04713468253612518,0.5036545991897583,0.4768446981906891,0.08002515137195587,0.5103172659873962,0.5259250402450562,-0.04034038633108139,0.5225201845169067,0.506746232509613,0.04031345993280411,0.471522718667984,0.4769726097583771,-0.04013494774699211,0.48392224311828613,0.44919729232788086,0.03329624980688095,0.45409759879112244,0.5433022379875183,0.00471665570512414,0.45813798904418945,0.5244044661521912,0.05848000571131706,0.4542996883392334,0.5658464431762695,0.00944336224347353,0.4587770402431488,0.5396309494972229,0.059384535998106,0.4376942217350006,0.5456907153129578,0.0038919977378100157,0.4426693320274353,0.5243152976036072,0.04855389520525932
0483,./images/2/frame_00483.jpg,Fall,0.48497098684310913,0.4268832206726074,-0.05322505906224251,0.48269200325012207,0.422532856464386,-0.06586671620607376,0.4824179708957672,0.4231208860874176,-0.06582501530647278,0.48216357827186584,0.4239073395729065,-0.06584037095308304,0.48369431495666504,0.4232596457004547,-0.05900145322084427,0.4842405319213867,0.42140668630599976,-0.05903013423085213,0.4848584234714508,0.4195481538772583,-0.05906138941645622,0.48601120710372925,0.4233494699001312,-0.10184605419635773,0.4895872473716736,0.4130210876464844,-0.0681517943739891,0.487902969121933,0.4300498068332672,-0.06200457364320755,0.48905616998672485,0.42710763216018677,-0.0516054630279541,0.49608302116394043,0.4475981891155243,-0.10709132254123688,0.5185061693191528,0.4139510691165924,-0.0329611636698246,0.49624067544937134,0.49733254313468933,-0.043665044009685516,0.5252101421356201,0.454728901386261,0.03143186867237091,0.49421992897987366,0.48598751425743103,0.04530995339155197,0.5065842866897583,0.47058457136154175,0.08253880590200424,0.49227699637413025,0.4854854941368103,0.04597382992506027,0.5031478404998779,0.4740229845046997,0.09482961893081665,0.4946911931037903,0.47908538579940796,0.04448694363236427,0.5003396272659302,0.47464239597320557,0.08531759679317474,0.49548301100730896,0.4782537817955017,0.046079736202955246,0.5009576082229614,0.4735816419124603,0.08057300001382828,0.5099493861198425,0.5259222984313965,-0.0399383045732975,0.5225122570991516,0.5068883299827576,0.03991442173719406,0.4721428453922272,0.4771527647972107,-0.03965220972895622,0.4842318892478943,0.45302578806877136,0.036181796342134476,0.4528528153896332,0.542879045009613,0.020549964159727097,0.45816701650619507,0.5268669724464417,0.08086813241243362,0.45140671730041504,0.5646450519561768,0.02703295275568962,0.4584553837776184,0.5416470170021057,0.08412788808345795,0.4375760555267334,0.5426180958747864,0.02657679095864296,0.44099193811416626,0.5277025103569031,0.07805991917848587
0484,./images/2/frame_00484.jpg,Fall,0.48426562547683716,0.42985865473747253,-0.059665095061063766,0.4819450378417969,0.4274643063545227,-0.07294157147407532,0.48176661133766174,0.42555204033851624,-0.07291234284639359,0.481537401676178,0.42606934905052185,-0.07292868196964264,0.4830644726753235,0.42495474219322205,-0.06658757477998734,0.4836679995059967,0.4230833351612091,-0.0666332021355629,0.4843444228172302,0.42118552327156067,-0.06667030602693558,0.48480287194252014,0.4244990348815918,-0.10774905979633331,0.4891429543495178,0.4149060547351837,-0.07735157757997513,0.48684439063072205,0.4324798285961151,-0.06822720915079117,0.4882245659828186,0.42993444204330444,-0.059266019612550735,0.4929012656211853,0.4504917562007904,-0.1125136986374855,0.518937349319458,0.4170180559158325,-0.047360680997371674,0.4876813292503357,0.5024800896644592,-0.06178245693445206,0.5245887637138367,0.45576709508895874,0.01752627268433571,0.48285651206970215,0.4918656349182129,0.027166074141860008,0.5049697160720825,0.47353121638298035,0.07200826704502106,0.47978535294532776,0.4922470152378082,0.02867787517607212,0.5018542408943176,0.4774110019207001,0.0823318138718605,0.48352450132369995,0.4853731393814087,0.028817445039749146,0.49886155128479004,0.4784870147705078,0.07316891103982925,0.4851143956184387,0.4840519428253174,0.02880246378481388,0.4991464614868164,0.477636456489563,0.07013394683599472,0.5096385478973389,0.5265686511993408,-0.03684021532535553,0.5226108431816101,0.5067876577377319,0.03681560605764389,0.4721962511539459,0.48139920830726624,-0.0007740798173472285,0.48748278617858887,0.45154869556427,0.0708356574177742,0.45110154151916504,0.5428113341331482,0.08382801711559296,0.46197310090065,0.524759829044342,0.1519550383090973,0.45092082023620605,0.5613393783569336,0.09317179024219513,0.4620923399925232,0.5400514602661133,0.15964888036251068,0.43514809012413025,0.5363804697990417,0.0958988294005394,0.4452338218688965,0.5259014368057251,0.15798896551132202
0485,./images/2/frame_00485.jpg,Fall,0.48350614309310913,0.4337031841278076,-0.08498425781726837,0.48194780945777893,0.4315401315689087,-0.09817923605442047,0.4820253252983093,0.43081969022750854,-0.0981442853808403,0.4818970561027527,0.43071696162223816,-0.09817223995923996,0.48218417167663574,0.4291144609451294,-0.08829224854707718,0.48252996802330017,0.4274253845214844,-0.08833471685647964,0.4829165041446686,0.42571207880973816,-0.08835615962743759,0.48565682768821716,0.42476093769073486,-0.12783411145210266,0.4875650405883789,0.4171190857887268,-0.08279962092638016,0.48669546842575073,0.43476033210754395,-0.09259363263845444,0.48709696531295776,0.4333075284957886,-0.0794501081109047,0.5003777146339417,0.4451580047607422,-0.12930020689964294,0.5124810934066772,0.4170376658439636,-0.042474761605262756,0.49909377098083496,0.4999462962150574,-0.0780218094587326,0.5134744644165039,0.4657478630542755,0.019252922385931015,0.49079805612564087,0.49107399582862854,0.010263776406645775,0.5004092454910278,0.48392173647880554,0.060292791575193405,0.48726072907447815,0.49199235439300537,0.01363566517829895,0.4983113706111908,0.48917391896247864,0.0719345360994339,0.48849791288375854,0.48637717962265015,0.01431114412844181,0.49555301666259766,0.48825687170028687,0.06138414889574051,0.48982399702072144,0.4847966134548187,0.012829042971134186,0.4958959221839905,0.4860490560531616,0.05771353840827942,0.5121788382530212,0.5265291333198547,-0.0399836041033268,0.5198099613189697,0.5080462694168091,0.03996580094099045,0.47233328223228455,0.48123982548713684,-0.02304280921816826,0.48292097449302673,0.4546359181404114,0.06985178589820862,0.450690358877182,0.5445687174797058,0.032583341002464294,0.456696093082428,0.5293402671813965,0.09081970900297165,0.4514637887477875,0.5621783137321472,0.03819458931684494,0.45732393860816956,0.5454242825508118,0.09259936213493347,0.43100079894065857,0.5366756916046143,0.032898757606744766,0.43769779801368713,0.5293742418289185,0.08425982296466827
0486,./images/2/frame_00486.jpg,Fall,0.4829842150211334,0.43276447057724,-0.08874291926622391,0.4816955626010895,0.43110015988349915,-0.10163497924804688,0.48198240995407104,0.4308481812477112,-0.10160358995199203,0.4820568561553955,0.43085530400276184,-0.10163728892803192,0.4815908968448639,0.4284818470478058,-0.09137334674596786,0.48189133405685425,0.42679205536842346,-0.09141423553228378,0.4822348654270172,0.42508816719055176,-0.09143240749835968,0.48608487844467163,0.42475488781929016,-0.1295456439256668,0.48661914467811584,0.4168420433998108,-0.08284544944763184,0.48633870482444763,0.4345531165599823,-0.09581676125526428,0.4864181578159332,0.43248307704925537,-0.08224381506443024,0.5013614892959595,0.44567516446113586,-0.129743754863739,0.5113272070884705,0.41654789447784424,-0.037583839148283005,0.5024042725563049,0.4991091787815094,-0.07971712946891785,0.5140394568443298,0.46476665139198303,0.021590495482087135,0.4944753050804138,0.4918958842754364,0.007484396453946829,0.5006119608879089,0.4841599762439728,0.0692378506064415,0.49117931723594666,0.4927578270435333,0.01050598081201315,0.4982840418815613,0.48983222246170044,0.0818433091044426,0.49217861890792847,0.48717254400253296,0.011017668060958385,0.4957663118839264,0.4893781542778015,0.07068003714084625,0.4934047758579254,0.4857402741909027,0.009923173114657402,0.49620741605758667,0.48706716299057007,0.06658009439706802,0.5131206512451172,0.526505172252655,-0.041201453655958176,0.5187509655952454,0.50787353515625,0.04121413081884384,0.4734203815460205,0.48454034328460693,-0.03560459613800049,0.48028841614723206,0.45343300700187683,0.04206618666648865,0.45113006234169006,0.5443866848945618,0.013183307833969593,0.45494404435157776,0.5303235650062561,0.06298033893108368,0.45169687271118164,0.5637691617012024,0.017970532178878784,0.4558749794960022,0.547247052192688,0.06380905210971832,0.42946749925613403,0.5358583927154541,0.011009958572685719,0.4354911744594574,0.5293880105018616,0.05392993614077568
0487,./images/2/frame_00487.jpg,Fall,0.4828836917877197,0.43335995078086853,-0.08900304138660431,0.4816027283668518,0.4320560097694397,-0.10263419151306152,0.48194947838783264,0.43194055557250977,-0.10259668529033661,0.4821263253688812,0.43192610144615173,-0.10262296348810196,0.48145467042922974,0.4293816387653351,-0.09253401309251785,0.4817655682563782,0.4276963472366333,-0.09257875382900238,0.482122004032135,0.42599403858184814,-0.09259770065546036,0.4862036108970642,0.42513006925582886,-0.13240006566047668,0.4864560663700104,0.4178108274936676,-0.08584694564342499,0.48635587096214294,0.4350985288619995,-0.09643379598855972,0.48632150888442993,0.43286576867103577,-0.0830746665596962,0.5010722875595093,0.4452119469642639,-0.13277901709079742,0.5110030174255371,0.41622573137283325,-0.03789914399385452,0.49981117248535156,0.4978392422199249,-0.08248992264270782,0.5120426416397095,0.4645252227783203,0.02231571264564991,0.49362286925315857,0.48982760310173035,0.0045311832800507545,0.49863356351852417,0.48368847370147705,0.06620879471302032,0.49078115820884705,0.48996782302856445,0.007061121519654989,0.4964398741722107,0.4893459677696228,0.07865886390209198,0.4917794167995453,0.48411038517951965,0.00788736529648304,0.4942111074924469,0.4889780580997467,0.06745785474777222,0.49303746223449707,0.48294597864151,0.007076263427734375,0.49459609389305115,0.4867355227470398,0.06358927488327026,0.5133458375930786,0.526084840297699,-0.04140001907944679,0.5184133648872375,0.5077509880065918,0.04142235964536667,0.4743362069129944,0.48472946882247925,-0.03492981940507889,0.479867160320282,0.45790374279022217,0.0429990291595459,0.450456440448761,0.5449616312980652,0.024346904829144478,0.4544094502925873,0.5329205989837646,0.0757356658577919,0.4511107802391052,0.5635815262794495,0.030391117557883263,0.45516276359558105,0.5496985912322998,0.07789908349514008,0.4291320741176605,0.5336138010025024,0.025103121995925903,0.43519648909568787,0.5305805802345276,0.06885749846696854
0488,./images/2/frame_00488.jpg,Fall,0.4824826717376709,0.43607521057128906,-0.08273501694202423,0.48110395669937134,0.4322264492511749,-0.09636738896369934,0.48144450783729553,0.43231722712516785,-0.09633765369653702,0.48167991638183594,0.4324667155742645,-0.09636444598436356,0.4809844493865967,0.4292587637901306,-0.08765469491481781,0.48129257559776306,0.42750075459480286,-0.0876990482211113,0.4816586375236511,0.42572882771492004,-0.0877259224653244,0.486039936542511,0.42630186676979065,-0.12664568424224854,0.48620349168777466,0.4178417921066284,-0.0861436203122139,0.4859127104282379,0.4356032907962799,-0.09011129289865494,0.4861944615840912,0.4355507791042328,-0.07850594818592072,0.5001286268234253,0.4462765157222748,-0.1276778280735016,0.5127992033958435,0.41564857959747314,-0.04298391193151474,0.497092068195343,0.4982839822769165,-0.07505616545677185,0.5164958238601685,0.4625512361526489,0.023561513051390648,0.4892721176147461,0.4887710511684418,0.011980967596173286,0.5010710954666138,0.4814012348651886,0.07118293642997742,0.4859687387943268,0.48871511220932007,0.014206817373633385,0.4984971880912781,0.4866386353969574,0.0839848667383194,0.48792940378189087,0.48320910334587097,0.014273950830101967,0.4959564805030823,0.487212598323822,0.07306549698114395,0.4894164502620697,0.4821053445339203,0.014009361155331135,0.496404230594635,0.48537060618400574,0.06858208030462265,0.5127504467964172,0.5261577367782593,-0.03978671506047249,0.5187654495239258,0.5073863863945007,0.039819568395614624,0.4745083749294281,0.48957329988479614,-0.01192581094801426,0.4808247983455658,0.45586225390434265,0.05530402809381485,0.4504753649234772,0.5453091859817505,0.05971839278936386,0.45582637190818787,0.5314688682556152,0.10971269756555557,0.451117604970932,0.5634955763816833,0.06729687005281448,0.4565253257751465,0.5479236841201782,0.11436766386032104,0.43005505204200745,0.5329087972640991,0.06318880617618561,0.43744492530822754,0.5297501683235168,0.10841985791921616
0489,./images/2/frame_00489.jpg,Fall,0.482391357421875,0.43607550859451294,-0.07405683398246765,0.48118510842323303,0.434811532497406,-0.08732756972312927,0.4815261960029602,0.43465784192085266,-0.08729560673236847,0.4817736744880676,0.43453556299209595,-0.08731616288423538,0.4810500144958496,0.43228879570961,-0.07740548998117447,0.4813447594642639,0.43060827255249023,-0.07743959873914719,0.4816928803920746,0.42891472578048706,-0.07745135575532913,0.4860730767250061,0.42690879106521606,-0.11488045752048492,0.48615607619285583,0.4197322726249695,-0.07021337002515793,0.4858914315700531,0.43662190437316895,-0.080363430082798,0.4860515594482422,0.43528124690055847,-0.06735167652368546,0.49979037046432495,0.44351136684417725,-0.11549369245767593,0.5110710859298706,0.41837337613105774,-0.023532379418611526,0.4964495599269867,0.4879071116447449,-0.05842316150665283,0.5154104828834534,0.4627496898174286,0.04289991036057472,0.4893246591091156,0.47695842385292053,0.036205537617206573,0.5006242394447327,0.4802490174770355,0.08399892598390579,0.48609453439712524,0.4766456186771393,0.04037310183048248,0.49805793166160583,0.4854136109352112,0.0958152785897255,0.4883735179901123,0.4715936779975891,0.04015599563717842,0.49573737382888794,0.4855404794216156,0.08464176207780838,0.4897872507572174,0.4707682728767395,0.03867263346910477,0.4962840676307678,0.483656644821167,0.08127979934215546,0.5131356716156006,0.5261519551277161,-0.04168881103396416,0.5188480615615845,0.5103617906570435,0.04173016548156738,0.4746134877204895,0.4863300621509552,-0.02401757426559925,0.4806886613368988,0.4590383768081665,0.04138467460870743,0.4522220492362976,0.5425803065299988,0.021130546927452087,0.45600685477256775,0.5320544838905334,0.06149808317422867,0.45264172554016113,0.565371036529541,0.025668427348136902,0.45670852065086365,0.5482799410820007,0.062175583094358444,0.43529748916625977,0.5354282855987549,0.016201097518205643,0.4378824234008789,0.530042827129364,0.048458121716976166
0490,./images/2/frame_00490.jpg,Fall,0.482210248708725,0.4370444416999817,-0.05470498651266098,0.48047977685928345,0.43397077918052673,-0.06858228892087936,0.4806564450263977,0.4340682625770569,-0.0685516968369484,0.48076313734054565,0.4342305064201355,-0.06856877356767654,0.4807209372520447,0.4311099648475647,-0.06124565005302429,0.48112326860427856,0.42936035990715027,-0.061278779059648514,0.481588751077652,0.4276103079319,-0.06130651757121086,0.4848126471042633,0.4282533526420593,-0.10202290862798691,0.4861114025115967,0.41930919885635376,-0.0676979273557663,0.4853075444698334,0.43618133664131165,-0.06315337121486664,0.4856055676937103,0.43478918075561523,-0.05340961739420891,0.4948846399784088,0.44624149799346924,-0.10601741075515747,0.5123571753501892,0.4190519452095032,-0.02994653210043907,0.490924596786499,0.4885682761669159,-0.05159001797437668,0.519353449344635,0.4573396146297455,0.03915669023990631,0.48838526010513306,0.47783005237579346,0.03663080185651779,0.5006921291351318,0.47883543372154236,0.09526475518941879,0.4859568178653717,0.47709837555885315,0.03942806273698807,0.49865370988845825,0.48397406935691833,0.1071181520819664,0.488416850566864,0.4712800681591034,0.03872044011950493,0.4961480498313904,0.484946072101593,0.09784034639596939,0.4896984100341797,0.4706408977508545,0.03821767121553421,0.4968809187412262,0.4829883277416229,0.09353441745042801,0.5120624303817749,0.5263141989707947,-0.03947972506284714,0.5193520784378052,0.5099548697471619,0.03947710245847702,0.4750215411186218,0.48798197507858276,0.0039338767528533936,0.48148971796035767,0.4604448080062866,0.06516753137111664,0.45217815041542053,0.5428018569946289,0.07924653589725494,0.4568236470222473,0.5307185649871826,0.12724271416664124,0.45263463258743286,0.5635587573051453,0.0874459370970726,0.4573308825492859,0.5472357273101807,0.13296952843666077,0.43686366081237793,0.5347592830657959,0.08456218987703323,0.43889546394348145,0.5287901759147644,0.12562239170074463
0491,./images/2/frame_00491.jpg,Fall,0.4820775091648102,0.43699514865875244,-0.05410075932741165,0.48003822565078735,0.43328386545181274,-0.06770624220371246,0.4801315367221832,0.4334408938884735,-0.06767956912517548,0.4801684021949768,0.43368852138519287,-0.06769953668117523,0.48045969009399414,0.4303806722164154,-0.06072211265563965,0.48090165853500366,0.42861226201057434,-0.06075702980160713,0.4814108908176422,0.42685049772262573,-0.060788124799728394,0.48403796553611755,0.4284168779850006,-0.10021654516458511,0.48592957854270935,0.4189853370189667,-0.06774460524320602,0.48504751920700073,0.43605756759643555,-0.06221684813499451,0.48552125692367554,0.43425992131233215,-0.052869588136672974,0.4927101135253906,0.4478183388710022,-0.10359089076519012,0.5126635432243347,0.41946548223495483,-0.03232871741056442,0.4885464608669281,0.491585910320282,-0.050391823053359985,0.5213088393211365,0.4571031928062439,0.03729578107595444,0.48847493529319763,0.4809034466743469,0.03537796810269356,0.5010064244270325,0.47921040654182434,0.09437675774097443,0.4861041009426117,0.4807221293449402,0.03812503442168236,0.49914002418518066,0.484662801027298,0.10616390407085419,0.4888336658477783,0.4743802845478058,0.0370672270655632,0.4964269697666168,0.48620206117630005,0.0970599427819252,0.48984766006469727,0.47352537512779236,0.03666747733950615,0.4970510005950928,0.4843403995037079,0.0927063375711441,0.5111683011054993,0.5264382362365723,-0.03792686015367508,0.5198194980621338,0.5096946954727173,0.03791411593556404,0.4749373495578766,0.49016228318214417,0.00768481707200408,0.481614351272583,0.45958179235458374,0.06389344483613968,0.45149677991867065,0.5428813099861145,0.08766794204711914,0.4569578170776367,0.5299996137619019,0.12933579087257385,0.45201078057289124,0.5614335536956787,0.09636100381612778,0.4575461745262146,0.5468762516975403,0.13528291881084442,0.43395552039146423,0.5317786931991577,0.0937877669930458,0.4392938017845154,0.5285213589668274,0.12759265303611755
0492,./images/2/frame_00492.jpg,Fall,0.48210063576698303,0.4372806251049042,-0.053916823118925095,0.4800543785095215,0.4329618811607361,-0.06693421304225922,0.4801643490791321,0.4331718981266022,-0.06690604984760284,0.4802272319793701,0.433470755815506,-0.0669231191277504,0.48043766617774963,0.4299779534339905,-0.05955884978175163,0.4808575510978699,0.4282054007053375,-0.05958951637148857,0.48134666681289673,0.42643627524375916,-0.059616826474666595,0.4841213822364807,0.4286021888256073,-0.09781651198863983,0.4857969880104065,0.4188942015171051,-0.06355340778827667,0.4849556088447571,0.4358827769756317,-0.06174127012491226,0.4855422377586365,0.43408262729644775,-0.051815081387758255,0.49241605401039124,0.44920551776885986,-0.10201431810855865,0.513058066368103,0.4196152091026306,-0.027221787720918655,0.4883304536342621,0.49181419610977173,-0.04717717319726944,0.521166205406189,0.45706406235694885,0.04070305451750755,0.48851221799850464,0.4835239350795746,0.03993555158376694,0.5017509460449219,0.4818626344203949,0.0934983417391777,0.4861481189727783,0.4841030240058899,0.04238312318921089,0.49922433495521545,0.48797857761383057,0.10580788552761078,0.48893898725509644,0.4777398109436035,0.04156847670674324,0.49681368470191956,0.4897223114967346,0.09567033499479294,0.49000415205955505,0.476736456155777,0.041286829859018326,0.4974917471408844,0.4876827597618103,0.09140989184379578,0.510831892490387,0.5269251465797424,-0.03823716193437576,0.5198320150375366,0.5094864368438721,0.03822239115834236,0.47489652037620544,0.4912591576576233,-0.010673980228602886,0.48174285888671875,0.45950570702552795,0.05403371527791023,0.4519199728965759,0.5437362194061279,0.04927169904112816,0.456895649433136,0.5311615467071533,0.10147634893655777,0.45153266191482544,0.5650634169578552,0.05564657598733902,0.45735302567481995,0.5471024513244629,0.10516887903213501,0.4324270188808441,0.5361092686653137,0.048475801944732666,0.44042593240737915,0.5280407667160034,0.0946408063173294
0493,./images/2/frame_00493.jpg,Fall,0.4818762242794037,0.43691492080688477,-0.057078611105680466,0.47980156540870667,0.4328628182411194,-0.07005342841148376,0.4799545705318451,0.4331250488758087,-0.07002444565296173,0.4800650179386139,0.43332159519195557,-0.07004421204328537,0.48006993532180786,0.4297857880592346,-0.06290463358163834,0.4804462790489197,0.4279569089412689,-0.06294010579586029,0.4808884263038635,0.4261566698551178,-0.0629684329032898,0.4839775562286377,0.42818692326545715,-0.10025981813669205,0.4852449893951416,0.41874462366104126,-0.06693167239427567,0.4843854010105133,0.435560017824173,-0.06466468423604965,0.48494401574134827,0.4335566759109497,-0.05504118278622627,0.49270114302635193,0.4483209252357483,-0.10030138492584229,0.5131669044494629,0.42092975974082947,-0.02990906499326229,0.4886365532875061,0.4920574128627777,-0.04293150454759598,0.5174488425254822,0.45937320590019226,0.039516352117061615,0.48950251936912537,0.483661025762558,0.04309362173080444,0.5009967684745789,0.4824464023113251,0.0946355015039444,0.48768678307533264,0.48427173495292664,0.047389350831508636,0.4985906481742859,0.48833805322647095,0.10782094299793243,0.4900854527950287,0.4780471920967102,0.04609214887022972,0.49642473459243774,0.4896792471408844,0.09790332615375519,0.4909438490867615,0.4770398736000061,0.044567860662937164,0.4970482289791107,0.4875122010707855,0.09285084903240204,0.5108875632286072,0.5266019701957703,-0.036945585161447525,0.519483745098114,0.5093640089035034,0.036936044692993164,0.47588229179382324,0.49456265568733215,-0.015871670097112656,0.48173004388809204,0.46278661489486694,0.0447353757917881,0.45140552520751953,0.5482801795005798,0.03817296028137207,0.4567624628543854,0.5344527363777161,0.07709234952926636,0.4512588381767273,0.5655540227890015,0.04396207258105278,0.45722776651382446,0.5501245856285095,0.07933530956506729,0.43598031997680664,0.5390496253967285,0.03565216436982155,0.4399014115333557,0.5322297215461731,0.0667574554681778
0494,./images/2/frame_00494.jpg,Fall,0.48188871145248413,0.4366276264190674,-0.05479465052485466,0.47979816794395447,0.4326198697090149,-0.0680718719959259,0.4799377918243408,0.4329126477241516,-0.06804387271404266,0.48003941774368286,0.43308311700820923,-0.06806332617998123,0.4801172614097595,0.4295530915260315,-0.06147279217839241,0.4805108606815338,0.4278244972229004,-0.0615123026072979,0.4809706211090088,0.4261016845703125,-0.061543356627225876,0.4838905334472656,0.4281456470489502,-0.10001804679632187,0.4853425621986389,0.4186389446258545,-0.06833618879318237,0.4844547212123871,0.4367193877696991,-0.06291873753070831,0.48513063788414,0.43284881114959717,-0.05403445288538933,0.4929233193397522,0.44834110140800476,-0.10083334147930145,0.5131127238273621,0.4214954376220703,-0.0317513532936573,0.48883047699928284,0.49218466877937317,-0.044421855360269547,0.5157396197319031,0.4591417908668518,0.038563329726457596,0.4892082214355469,0.48440784215927124,0.04208962246775627,0.49949193000793457,0.4798069894313812,0.09268980473279953,0.48763221502304077,0.4852239787578583,0.046199824661016464,0.4971092641353607,0.4849620461463928,0.10551731288433075,0.48996978998184204,0.47916921973228455,0.044493287801742554,0.49510231614112854,0.48631909489631653,0.0956258773803711,0.49077993631362915,0.4781060218811035,0.04336845129728317,0.49562063813209534,0.48448193073272705,0.09086864441633224,0.5108813047409058,0.5265355706214905,-0.03587660938501358,0.5194892287254333,0.5093262791633606,0.035868607461452484,0.4762440621852875,0.4943780303001404,-0.01597560942173004,0.4817505478858948,0.4637499153614044,0.04586131125688553,0.4508449137210846,0.5481058955192566,0.03992708399891853,0.4569116234779358,0.5338728427886963,0.07974376529455185,0.4506869316101074,0.5655023455619812,0.04596756026148796,0.4574277997016907,0.5493583679199219,0.08225952088832855,0.4327704906463623,0.5373163819313049,0.03870381414890289,0.4399213194847107,0.5314161777496338,0.07104852050542831
0495,./images/2/frame_00495.jpg,Fall,0.4819333553314209,0.4357776343822479,-0.04448831453919411,0.4797182083129883,0.43181759119033813,-0.05785826966166496,0.4797264635562897,0.43237775564193726,-0.05783848837018013,0.47968000173568726,0.4327761232852936,-0.05785657837986946,0.48023414611816406,0.4283226728439331,-0.052027106285095215,0.4806083142757416,0.4266524016857147,-0.05206345394253731,0.48099184036254883,0.42496320605278015,-0.052095405757427216,0.4830304682254791,0.4285346269607544,-0.09148000925779343,0.48544055223464966,0.41855934262275696,-0.06429731100797653,0.48444390296936035,0.43516913056373596,-0.05333225801587105,0.48524823784828186,0.4319438636302948,-0.04552341252565384,0.4896778166294098,0.45288264751434326,-0.09544451534748077,0.5138758420944214,0.42169177532196045,-0.03232007846236229,0.48463115096092224,0.4947410523891449,-0.04240845888853073,0.5164457559585571,0.45442864298820496,0.03787828981876373,0.48544758558273315,0.48537227511405945,0.04101479798555374,0.500115692615509,0.475411981344223,0.0941707044839859,0.48417797684669495,0.48598426580429077,0.043593160808086395,0.497535765171051,0.47991880774497986,0.10620032250881195,0.48708152770996094,0.4794164299964905,0.04176178202033043,0.4954252243041992,0.48219409584999084,0.09621132910251617,0.48802638053894043,0.4784618318080902,0.041777413338422775,0.4959278106689453,0.4810838997364044,0.09226885437965393,0.5097078084945679,0.5274927616119385,-0.0349278524518013,0.520255446434021,0.5092346668243408,0.034929726272821426,0.4744289815425873,0.4934414029121399,-0.013656427152454853,0.48442602157592773,0.4626557528972626,0.04626421257853508,0.4500596523284912,0.5483958125114441,0.04389621689915657,0.459782212972641,0.5329180955886841,0.08228691667318344,0.4501444697380066,0.5654510259628296,0.04998230189085007,0.45959678292274475,0.5475191473960876,0.08437564224004745,0.4326082170009613,0.5377215147018433,0.04338017478585243,0.4442315697669983,0.5312598943710327,0.0759810209274292
0496,./images/2/frame_00496.jpg,Fall,0.482004314661026,0.4364447295665741,-0.026490161195397377,0.479792982339859,0.43219825625419617,-0.040868524461984634,0.47978895902633667,0.4328128695487976,-0.04084394872188568,0.4797164797782898,0.4333514869213104,-0.04085105285048485,0.48030146956443787,0.42848458886146545,-0.034480392932891846,0.4807681143283844,0.4267374277114868,-0.03450904041528702,0.4812830984592438,0.42498043179512024,-0.03453616052865982,0.48300933837890625,0.4301387369632721,-0.07990850508213043,0.48580092191696167,0.41870546340942383,-0.05031521990895271,0.4843827188014984,0.4351574778556824,-0.03742773085832596,0.48530250787734985,0.43194580078125,-0.028888488188385963,0.48891979455947876,0.4550904631614685,-0.0915081650018692,0.5146028995513916,0.42161840200424194,-0.024704109877347946,0.4811415672302246,0.4937465190887451,-0.04074779525399208,0.5166431069374084,0.44725558161735535,0.04287528246641159,0.48175010085105896,0.47810837626457214,0.0456080362200737,0.49928420782089233,0.46806153655052185,0.09695123136043549,0.48068004846572876,0.47705140709877014,0.04660674184560776,0.49576130509376526,0.4718770384788513,0.10793391615152359,0.48356252908706665,0.47025150060653687,0.04524289816617966,0.49377426505088806,0.47479668259620667,0.09774646162986755,0.4844264090061188,0.46967804431915283,0.046380333602428436,0.49449753761291504,0.4742071330547333,0.09470761567354202,0.5096050500869751,0.5277823805809021,-0.03556288033723831,0.5214114189147949,0.5098748803138733,0.03554846718907356,0.4727463722229004,0.493062287569046,-0.01407148689031601,0.4859596788883209,0.4627074897289276,0.057893671095371246,0.4491822123527527,0.5506241917610168,0.04439931362867355,0.4601007401943207,0.5327048897743225,0.1039985865354538,0.449570894241333,0.5659588575363159,0.050701163709163666,0.4596008360385895,0.5469526052474976,0.1079639196395874,0.4323050081729889,0.5423219799995422,0.04576461762189865,0.4450046420097351,0.5306944251060486,0.10003656148910522
0497,./images/2/frame_00497.jpg,Fall,0.4820384979248047,0.43665945529937744,-0.028932606801390648,0.47981053590774536,0.4320868253707886,-0.04301343113183975,0.4798203110694885,0.4312126040458679,-0.04298103228211403,0.47973331809043884,0.43188178539276123,-0.04298657551407814,0.48035484552383423,0.4284318685531616,-0.03581457585096359,0.4808463454246521,0.4266854226589203,-0.03584391996264458,0.4813914895057678,0.4249346852302551,-0.03586767986416817,0.48307275772094727,0.42997652292251587,-0.07994894683361053,0.48605555295944214,0.418688029050827,-0.04674188047647476,0.48441678285598755,0.43510666489601135,-0.03918744996190071,0.4853447377681732,0.431875616312027,-0.0296509750187397,0.4893154203891754,0.4543772339820862,-0.09041035175323486,0.5143357515335083,0.4215293824672699,-0.017300765961408615,0.4834440350532532,0.48581817746162415,-0.03924287483096123,0.5153677463531494,0.4454772174358368,0.055782072246074677,0.48327016830444336,0.46496009826660156,0.047376763075590134,0.4956316351890564,0.4623914957046509,0.11175984144210815,0.4820020794868469,0.46242743730545044,0.04857444018125534,0.4916732907295227,0.4655872881412506,0.12305150926113129,0.4847416877746582,0.4570094347000122,0.04661732539534569,0.4902210235595703,0.46821001172065735,0.11239254474639893,0.4855869710445404,0.4569830596446991,0.048050407320261,0.49109429121017456,0.46772122383117676,0.10933159291744232,0.5096579194068909,0.5278631448745728,-0.037264030426740646,0.5209589004516602,0.5127712488174438,0.037232957780361176,0.47285500168800354,0.4925864636898041,-0.017232079058885574,0.4856458604335785,0.46676647663116455,0.057472266256809235,0.4502922594547272,0.5482504963874817,0.036620862782001495,0.45930203795433044,0.5337316393852234,0.08824030309915543,0.4496607780456543,0.5665597915649414,0.042610008269548416,0.4584004878997803,0.5482231378555298,0.09089965373277664,0.43228238821029663,0.5430414080619812,0.0373704619705677,0.444219172000885,0.5311513543128967,0.07917369902133942
0498,./images/2/frame_00498.jpg,Fall,0.482305109500885,0.4362972676753998,-0.03577018156647682,0.4801165461540222,0.431337833404541,-0.051016807556152344,0.4798559248447418,0.4296657145023346,-0.050977956503629684,0.4797794818878174,0.4308183789253235,-0.05099921673536301,0.48062267899513245,0.42757776379585266,-0.040948573499917984,0.4810761511325836,0.4258185029029846,-0.040967077016830444,0.48158830404281616,0.4240480959415436,-0.0410006120800972,0.48355594277381897,0.4298572540283203,-0.08777597546577454,0.4862295687198639,0.4182569682598114,-0.047286536544561386,0.48453181982040405,0.43481940031051636,-0.04740976169705391,0.4855137765407562,0.4315170645713806,-0.035126715898513794,0.4898897707462311,0.4541320502758026,-0.09237678349018097,0.5143486261367798,0.42147716879844666,-0.017625879496335983,0.4840173125267029,0.4866082966327667,-0.036535151302814484,0.5160967707633972,0.4458104372024536,0.04936673492193222,0.48303207755088806,0.46705207228660583,0.04891529306769371,0.4965788424015045,0.4622836709022522,0.10471771657466888,0.48157161474227905,0.46561112999916077,0.05076595023274422,0.4929873049259186,0.4659164547920227,0.11579294502735138,0.4843285083770752,0.4591718316078186,0.04738578945398331,0.4911791682243347,0.46828359365463257,0.10504426062107086,0.48523253202438354,0.45880019664764404,0.04914308711886406,0.4919437766075134,0.4676678478717804,0.10228445380926132,0.5094391107559204,0.5274217128753662,-0.0367889478802681,0.5209771394729614,0.5123008489608765,0.036773890256881714,0.4729228913784027,0.49241936206817627,-0.024496134370565414,0.4854457974433899,0.4655684232711792,0.035487137734889984,0.44940775632858276,0.5493507385253906,0.02374337613582611,0.4581831097602844,0.5332450866699219,0.06463686376810074,0.44911330938339233,0.5664219260215759,0.028733665123581886,0.4569905698299408,0.5478822588920593,0.06656966358423233,0.4316127300262451,0.5427619218826294,0.018621306866407394,0.44317930936813354,0.5308780074119568,0.05066584795713425
0499,./images/2/frame_00499.jpg,Fall,0.4825707972049713,0.43477389216423035,-0.04970047250390053,0.48031988739967346,0.43032944202423096,-0.06360016018152237,0.47988778352737427,0.4287342131137848,-0.06357969343662262,0.4797946810722351,0.42981240153312683,-0.06359284371137619,0.4811331331729889,0.42637574672698975,-0.05790417641401291,0.4816622734069824,0.424608439207077,-0.05794478580355644,0.48225897550582886,0.42282262444496155,-0.05797698348760605,0.48330408334732056,0.4296605885028839,-0.0946379154920578,0.4869654178619385,0.41795337200164795,-0.069209985435009,0.48462095856666565,0.43442976474761963,-0.05756569653749466,0.4857005178928375,0.43097564578056335,-0.05008656904101372,0.4893547594547272,0.4553416669368744,-0.09490858018398285,0.5156724452972412,0.4214063882827759,-0.03757932409644127,0.48197951912879944,0.48744556307792664,-0.03897799178957939,0.5177995562553406,0.445462167263031,0.03957274928689003,0.48111051321029663,0.4701206088066101,0.047041602432727814,0.49679702520370483,0.46208488941192627,0.09740769863128662,0.47946494817733765,0.4687288999557495,0.04690835624933243,0.4932679235935211,0.46586328744888306,0.10693024098873138,0.482853502035141,0.4626970589160919,0.041003357619047165,0.4917568564414978,0.4683353006839752,0.09539303183555603,0.48393359780311584,0.46217554807662964,0.045006267726421356,0.492643266916275,0.4678339958190918,0.09478665888309479,0.5088284611701965,0.5269557237625122,-0.034550994634628296,0.5214023590087891,0.5120540857315063,0.03454350307583809,0.47239598631858826,0.49269863963127136,-0.019273657351732254,0.48599523305892944,0.463623583316803,0.04115287587046623,0.4480662941932678,0.5492321252822876,0.038032274693250656,0.4600878357887268,0.5324908494949341,0.07085505872964859,0.44778504967689514,0.5657115578651428,0.04398270696401596,0.45916223526000977,0.5470013618469238,0.0759655013680458,0.43143001198768616,0.5425468683242798,0.030485648661851883,0.4457029700279236,0.530619740486145,0.059617120772600174
0500,./images/2/frame_00500.jpg,Fall,0.4828781187534332,0.4342767894268036,-0.05394858866930008,0.4803321957588196,0.42906713485717773,-0.06782333552837372,0.479902446269989,0.4285692572593689,-0.06780146062374115,0.4798184335231781,0.4297490417957306,-0.06780914962291718,0.48163872957229614,0.4261332154273987,-0.06247248500585556,0.4822593331336975,0.4243438243865967,-0.06251515448093414,0.4829522967338562,0.422532856464386,-0.06254570186138153,0.4832068085670471,0.4295470714569092,-0.09970445930957794,0.48773106932640076,0.4179423749446869,-0.07486440241336823,0.4847610890865326,0.43430399894714355,-0.061730850487947464,0.48593592643737793,0.43071869015693665,-0.05458379536867142,0.4883919656276703,0.45679932832717896,-0.09881953150033951,0.5164920091629028,0.4213045835494995,-0.04562181606888771,0.47934049367904663,0.4919891655445099,-0.04602079838514328,0.5197890996932983,0.445743590593338,0.02896314300596714,0.4794285297393799,0.47817501425743103,0.031369902193546295,0.49856120347976685,0.4637465476989746,0.08642270416021347,0.47796159982681274,0.4793323576450348,0.03120935894548893,0.49561232328414917,0.46772506833076477,0.09573064744472504,0.48170405626296997,0.47169041633605957,0.026886260136961937,0.49305352568626404,0.4700554609298706,0.08490538597106934,0.4828426241874695,0.4702244997024536,0.03059583343565464,0.49341702461242676,0.4693443179130554,0.08408913016319275,0.5084450244903564,0.5295215845108032,-0.03363650292158127,0.522125244140625,0.5117272138595581,0.0336214043200016,0.47157183289527893,0.4939659535884857,-0.006767059676349163,0.4877500534057617,0.46278730034828186,0.06131559610366821,0.4477969706058502,0.549622654914856,0.062441639602184296,0.4648459553718567,0.5321899652481079,0.12314341962337494,0.4475456774234772,0.5655620098114014,0.06989001482725143,0.46451443433761597,0.5462259650230408,0.12894977629184723,0.43151912093162537,0.5422914028167725,0.06473563611507416,0.4512466788291931,0.5308387875556946,0.12045538425445557
0501,./images/2/frame_00501.jpg,Fall,0.4829333424568176,0.43430832028388977,-0.061637960374355316,0.48034563660621643,0.42944595217704773,-0.0757068395614624,0.4799260199069977,0.4295942187309265,-0.07568342983722687,0.47978878021240234,0.4298354685306549,-0.07569418847560883,0.48166218400001526,0.4261905252933502,-0.06968402862548828,0.4822922348976135,0.4243839681148529,-0.06972579658031464,0.4829939007759094,0.42255699634552,-0.06975385546684265,0.48265424370765686,0.4297275245189667,-0.1085745319724083,0.4877699315547943,0.4179660379886627,-0.08040453493595123,0.4847879409790039,0.43431851267814636,-0.069578617811203,0.4860086441040039,0.4307106137275696,-0.06146369129419327,0.4880106449127197,0.45712122321128845,-0.11093296110630035,0.5167685747146606,0.42122742533683777,-0.04971015825867653,0.47824007272720337,0.4970250129699707,-0.06146857887506485,0.5227376222610474,0.44604942202568054,0.021149583160877228,0.4798179268836975,0.48952576518058777,0.01786891371011734,0.5031306743621826,0.4719618856906891,0.07680316269397736,0.47856029868125916,0.49169671535491943,0.017844486981630325,0.5003417730331421,0.47799190878868103,0.08638561517000198,0.4822724461555481,0.4847569465637207,0.014687041752040386,0.49757879972457886,0.48082974553108215,0.07613448798656464,0.483377605676651,0.48310011625289917,0.017859263345599174,0.4978702962398529,0.47971534729003906,0.0746496394276619,0.5081972479820251,0.5298662185668945,-0.03400213271379471,0.5223833918571472,0.5106577277183533,0.033989317715168,0.4707944989204407,0.4951644837856293,0.00025800621369853616,0.48737186193466187,0.4628075957298279,0.07143069058656693,0.44761577248573303,0.5497094392776489,0.0764458030462265,0.46396422386169434,0.5320963859558105,0.1426343321800232,0.4474133849143982,0.5653330683708191,0.08465995639562607,0.46371036767959595,0.5461743474006653,0.14925117790699005,0.4315418303012848,0.5420777797698975,0.08260082453489304,0.44966238737106323,0.5316095948219299,0.1436357945203781
0502,./images/2/frame_00502.jpg,Fall,0.4829368591308594,0.43418630957603455,-0.058707498013973236,0.4803560674190521,0.42950329184532166,-0.07213370501995087,0.4799458980560303,0.4295363128185272,-0.07210905849933624,0.4797992706298828,0.42987048625946045,-0.07212159782648087,0.4816891551017761,0.42615899443626404,-0.06595569103956223,0.48235440254211426,0.42432817816734314,-0.06599470227956772,0.4831008315086365,0.422470360994339,-0.06602276861667633,0.4825935363769531,0.4298616945743561,-0.10640619695186615,0.4879867434501648,0.41792789101600647,-0.07633070647716522,0.48482194542884827,0.4343470633029938,-0.0663977786898613,0.486015647649765,0.4307038486003876,-0.05803239345550537,0.4874393939971924,0.45846259593963623,-0.1122097596526146,0.5167044401168823,0.42117196321487427,-0.04692920297384262,0.47716468572616577,0.5004440546035767,-0.0644824281334877,0.523191511631012,0.4462624490261078,0.019650105386972427,0.4772402346134186,0.4920559227466583,0.0172199048101902,0.5034117102622986,0.47188058495521545,0.06895475089550018,0.475444495677948,0.49404045939445496,0.016509104520082474,0.5004903674125671,0.47764354944229126,0.07738005369901657,0.4794410765171051,0.4865097999572754,0.01410181075334549,0.4977770447731018,0.4802773892879486,0.06663861870765686,0.4808184504508972,0.4849412739276886,0.01746532693505287,0.49806737899780273,0.4793239235877991,0.06633786857128143,0.507799506187439,0.5303366184234619,-0.03420238569378853,0.5224099159240723,0.5098400712013245,0.034181147813797,0.4698162078857422,0.4955676198005676,-0.0034989826381206512,0.4871860444545746,0.46264779567718506,0.06987480819225311,0.4470716118812561,0.5499593615531921,0.07113713771104813,0.4633888304233551,0.5321204662322998,0.13846513628959656,0.4469372630119324,0.5651158690452576,0.07924376428127289,0.46321266889572144,0.5461902022361755,0.1447264701128006,0.43161267042160034,0.5422384738922119,0.0780515968799591,0.44854801893234253,0.5322465300559998,0.13895031809806824
0503,./images/2/frame_00503.jpg,Fall,0.48265066742897034,0.4333636462688446,-0.05703053995966911,0.4803655743598938,0.42939043045043945,-0.07060841470956802,0.4799591898918152,0.42956674098968506,-0.070583276450634,0.4797914922237396,0.42997512221336365,-0.07059507071971893,0.4816916584968567,0.42619335651397705,-0.06426487863063812,0.48237109184265137,0.42433464527130127,-0.0643036812543869,0.4831400513648987,0.42248255014419556,-0.06433127820491791,0.4826335906982422,0.43001726269721985,-0.10576163232326508,0.48809999227523804,0.4179288148880005,-0.07539770007133484,0.4848102927207947,0.43451517820358276,-0.06507844477891922,0.4860146641731262,0.4308917224407196,-0.05652690678834915,0.48704490065574646,0.4603532552719116,-0.11155803501605988,0.5166584253311157,0.42115461826324463,-0.045708008110523224,0.4759678840637207,0.5005488395690918,-0.062182724475860596,0.522821843624115,0.4435647428035736,0.022554118186235428,0.4747788906097412,0.4898897707462311,0.02098754048347473,0.5028189420700073,0.4677937924861908,0.07224100828170776,0.4726729989051819,0.49149009585380554,0.020265256986021996,0.4996204376220703,0.47291141748428345,0.08079752326011658,0.4766952097415924,0.4838407635688782,0.017614278942346573,0.49679046869277954,0.4758872985839844,0.06955231726169586,0.4782189726829529,0.4823858439922333,0.021165620535612106,0.4970370829105377,0.475564181804657,0.06945425271987915,0.5072687864303589,0.5301721692085266,-0.03447587043046951,0.5222280621528625,0.5098971724510193,0.03447667509317398,0.4698513448238373,0.49560654163360596,-0.005991137586534023,0.48712173104286194,0.4631584584712982,0.06595258414745331,0.44653087854385376,0.5506790280342102,0.06422001123428345,0.46223196387290955,0.532683253288269,0.12990662455558777,0.44627848267555237,0.5651426911354065,0.0719369649887085,0.4615245461463928,0.5468012094497681,0.13565489649772644,0.43147292733192444,0.5429303050041199,0.06961110979318619,0.4479601979255676,0.532585620880127,0.12820053100585938
0504,./images/2/frame_00504.jpg,Fall,0.4825894236564636,0.43249183893203735,-0.04771287366747856,0.4804707467556,0.42873460054397583,-0.062194980680942535,0.48014092445373535,0.4292866885662079,-0.062165480107069016,0.48000413179397583,0.42973005771636963,-0.062171369791030884,0.48186030983924866,0.42621248960494995,-0.055144302546978,0.4825085997581482,0.4243585765361786,-0.05517978221178055,0.48324674367904663,0.4225095212459564,-0.055201493203639984,0.4831060469150543,0.42986878752708435,-0.099514901638031,0.48815053701400757,0.41793230175971985,-0.06641349196434021,0.4848240315914154,0.43450927734375,-0.05760956555604935,0.4860247075557709,0.4310910105705261,-0.048170071095228195,0.48755374550819397,0.45970073342323303,-0.11005314439535141,0.5165116786956787,0.42114144563674927,-0.0354357473552227,0.4774528443813324,0.4936273694038391,-0.05900050327181816,0.520717978477478,0.44353628158569336,0.03114817477762699,0.47536081075668335,0.47670215368270874,0.02383062243461609,0.5004316568374634,0.4657532870769501,0.07738389074802399,0.4733678698539734,0.4762016832828522,0.024474281817674637,0.49675971269607544,0.47029387950897217,0.08691500872373581,0.476553350687027,0.4693968594074249,0.02110060676932335,0.4946836531162262,0.4731202721595764,0.07575758546590805,0.4778267741203308,0.4687435030937195,0.023606890812516212,0.49528366327285767,0.47270405292510986,0.07486072927713394,0.5079177618026733,0.5301253795623779,-0.036509014666080475,0.5209221839904785,0.5103186368942261,0.03651220351457596,0.47011786699295044,0.4939160943031311,-0.02529488131403923,0.48616546392440796,0.46443092823028564,0.04863443225622177,0.4466973841190338,0.5510980486869812,0.02774122916162014,0.45772990584373474,0.5328601598739624,0.08651767671108246,0.4464088976383209,0.5654482245445251,0.033479101955890656,0.4562511444091797,0.547075629234314,0.08938147127628326,0.4315234124660492,0.5441051125526428,0.028256934136152267,0.44325390458106995,0.5323985815048218,0.07735229283571243
0505,./images/2/frame_00505.jpg,Fall,0.48280173540115356,0.4321860373020172,-0.06034306809306145,0.48102420568466187,0.42847877740859985,-0.07509692013263702,0.4808369278907776,0.42913535237312317,-0.07506510615348816,0.48076313734054565,0.42958205938339233,-0.07507431507110596,0.48222893476486206,0.4257877767086029,-0.06708281487226486,0.48272401094436646,0.42436492443084717,-0.06711884588003159,0.48341646790504456,0.4225154519081116,-0.0671389102935791,0.48404017090797424,0.42951130867004395,-0.11107293516397476,0.4883292317390442,0.4179285764694214,-0.07400978356599808,0.4850851595401764,0.43450745940208435,-0.06986641883850098,0.4861781597137451,0.43129828572273254,-0.05918080359697342,0.4893431067466736,0.4592459499835968,-0.11903755366802216,0.5161037445068359,0.42098715901374817,-0.037831466645002365,0.4781447947025299,0.4936358630657196,-0.07016899436712265,0.5197867751121521,0.4440453052520752,0.027670633047819138,0.4765157699584961,0.4775815010070801,0.01396398525685072,0.5000177621841431,0.4672658145427704,0.07066339999437332,0.474663108587265,0.47748976945877075,0.012878641486167908,0.49641185998916626,0.47155681252479553,0.07964300364255905,0.47784867882728577,0.4705471992492676,0.010868886485695839,0.4944458603858948,0.47417885065078735,0.06741216033697128,0.4790145754814148,0.4696325659751892,0.014454985037446022,0.495098739862442,0.4738010764122009,0.0673900693655014,0.5080792903900146,0.5294461846351624,-0.03763601556420326,0.5209736227989197,0.5102872252464294,0.037648074328899384,0.47028619050979614,0.4932062327861786,-0.027983715757727623,0.4856620728969574,0.46434473991394043,0.047327227890491486,0.44688519835472107,0.5510050654411316,0.026188204064965248,0.45716172456741333,0.5327900052070618,0.08888490498065948,0.44665440917015076,0.5655469298362732,0.03175966814160347,0.4558175504207611,0.5470345616340637,0.09205102175474167,0.43122023344039917,0.5435090661048889,0.02430271916091442,0.44231098890304565,0.5315442681312561,0.08015640825033188
0506,./images/2/frame_00506.jpg,Fall,0.482811838388443,0.4322117269039154,-0.07993091642856598,0.48150476813316345,0.42849400639533997,-0.09425841271877289,0.4814693331718445,0.4291379153728485,-0.09423128515481949,0.4815160632133484,0.4295791983604431,-0.09424765408039093,0.4823031425476074,0.42583173513412476,-0.08535464107990265,0.48285022377967834,0.42439061403274536,-0.08539937436580658,0.48339787125587463,0.42287594079971313,-0.0854216143488884,0.4851723313331604,0.429212361574173,-0.1265718638896942,0.48831090331077576,0.41809433698654175,-0.08556350320577621,0.4853116571903229,0.43491944670677185,-0.08809195458889008,0.4861982464790344,0.4323219358921051,-0.07622073590755463,0.49263811111450195,0.4589381814002991,-0.13191810250282288,0.5154826641082764,0.41688740253448486,-0.04344194754958153,0.4799326956272125,0.4971831142902374,-0.08562718331813812,0.518194854259491,0.4477156400680542,0.019971802830696106,0.47709766030311584,0.4873916208744049,-0.001739485771395266,0.5000554919242859,0.4693797528743744,0.06059421971440315,0.4753265380859375,0.48819950222969055,-0.00326741486787796,0.4967636168003082,0.47381895780563354,0.07049652934074402,0.47847118973731995,0.4815447926521301,-0.00452033244073391,0.49496787786483765,0.47535833716392517,0.05775080993771553,0.4795992970466614,0.48061370849609375,-0.0007445066585205495,0.49558645486831665,0.47476625442504883,0.05718659609556198,0.5101504325866699,0.5295608043670654,-0.03843459486961365,0.5204484462738037,0.5092777013778687,0.03847341984510422,0.47046953439712524,0.49295786023139954,-0.03493775799870491,0.48307275772094727,0.4642049968242645,0.03628308326005936,0.4474423825740814,0.5509986877441406,0.01451537013053894,0.4557444155216217,0.5336354374885559,0.06938168406486511,0.4476061463356018,0.5657837390899658,0.01930639147758484,0.45487111806869507,0.548617959022522,0.07151508331298828,0.4310942590236664,0.5428887009620667,0.010542492382228374,0.4397662281990051,0.5317368507385254,0.05940105393528938
0507,./images/2/frame_00507.jpg,Fall,0.48277124762535095,0.43161338567733765,-0.09683050960302353,0.4815332293510437,0.4276624321937561,-0.11041859537363052,0.4814898371696472,0.42828255891799927,-0.11039461195468903,0.48151111602783203,0.42878493666648865,-0.11041782051324844,0.4823066294193268,0.4250008165836334,-0.1024014800786972,0.4828767776489258,0.4232777953147888,-0.10245390981435776,0.48339635133743286,0.4224013090133667,-0.10248178243637085,0.48511654138565063,0.4288082420825958,-0.1381206214427948,0.4884040355682373,0.4180903434753418,-0.10109616816043854,0.48530760407447815,0.4348656237125397,-0.10320152342319489,0.486177921295166,0.4322609007358551,-0.09241745620965958,0.4926788806915283,0.460743248462677,-0.13532207906246185,0.5154837965965271,0.41597023606300354,-0.059358149766922,0.4817753732204437,0.5043272376060486,-0.08993883430957794,0.518570065498352,0.4491100013256073,0.008247725665569305,0.47838467359542847,0.494121253490448,-0.013338344171643257,0.5022887587547302,0.4708567261695862,0.057241253554821014,0.4763403534889221,0.4947817623615265,-0.015141074545681477,0.49960899353027344,0.47566667199134827,0.06811720877885818,0.4796159267425537,0.4880434572696686,-0.016582706943154335,0.4974285066127777,0.47770166397094727,0.05525017902255058,0.4807519018650055,0.48726004362106323,-0.01262767892330885,0.4979446828365326,0.4768116772174835,0.05411525443196297,0.5104108452796936,0.5290703177452087,-0.036280982196331024,0.520291805267334,0.5051363110542297,0.036355845630168915,0.4719479978084564,0.4929468333721161,-0.04096221923828125,0.48246440291404724,0.4622524678707123,0.024952298030257225,0.44817954301834106,0.5508852005004883,0.0020548109896481037,0.4554869532585144,0.533530592918396,0.05968424677848816,0.44812044501304626,0.5654935836791992,0.006175713613629341,0.4547739624977112,0.5486670732498169,0.062116630375385284,0.4311853051185608,0.5410969257354736,-0.004227583296597004,0.4390239119529724,0.5315046310424805,0.05030127614736557
0508,./images/2/frame_00508.jpg,Fall,0.4827582836151123,0.43156516551971436,-0.11557825654745102,0.48163628578186035,0.4274079501628876,-0.12870924174785614,0.4815766215324402,0.4279058277606964,-0.12868669629096985,0.48156410455703735,0.4283384680747986,-0.12871673703193665,0.4824393391609192,0.42467767000198364,-0.1210893988609314,0.48298996686935425,0.42304912209510803,-0.12114919722080231,0.4835289418697357,0.4216650724411011,-0.1211821585893631,0.4850541651248932,0.428043395280838,-0.15252192318439484,0.48870182037353516,0.41807565093040466,-0.11757562309503555,0.4852803647518158,0.4347943663597107,-0.12026052176952362,0.48614636063575745,0.43223679065704346,-0.1100902110338211,0.49361783266067505,0.4606321454048157,-0.14236481487751007,0.5150582194328308,0.4167942404747009,-0.07272607833147049,0.48728638887405396,0.5065975785255432,-0.08939969539642334,0.5184985995292664,0.4560365378856659,-0.002539604203775525,0.4839000105857849,0.4951842427253723,-0.0070588476955890656,0.5023696422576904,0.4757894277572632,0.052198320627212524,0.48141056299209595,0.4950929880142212,-0.006303771398961544,0.4998835027217865,0.48029354214668274,0.0633220449090004,0.4848378598690033,0.4887777864933014,-0.008537748828530312,0.49764806032180786,0.482354998588562,0.05159016326069832,0.48600998520851135,0.48823365569114685,-0.0061981333419680595,0.49810791015625,0.48136016726493835,0.049633271992206573,0.510649561882019,0.5255169868469238,-0.03311929106712341,0.519670844078064,0.5032778978347778,0.03321492671966553,0.4744362235069275,0.4893970489501953,-0.03274419531226158,0.48223191499710083,0.46229660511016846,0.022614117711782455,0.44843244552612305,0.5441216230392456,0.020776866003870964,0.4554852545261383,0.5332090258598328,0.06298239529132843,0.4481329917907715,0.5585483312606812,0.02627301588654518,0.45481783151626587,0.5486016869544983,0.06600571423768997,0.4312130808830261,0.5314922332763672,0.01833059825003147,0.4388910233974457,0.5291852355003357,0.05413103103637695
0509,./images/2/frame_00509.jpg,Fall,0.48322781920433044,0.43069300055503845,-0.1048259362578392,0.48232507705688477,0.42616569995880127,-0.11881870031356812,0.48198890686035156,0.4265926778316498,-0.11879422515630722,0.48187464475631714,0.4269685447216034,-0.1188226118683815,0.4831651747226715,0.4236111640930176,-0.11138369143009186,0.4835594594478607,0.4215591847896576,-0.11143706738948822,0.48423582315444946,0.42002198100090027,-0.11146962642669678,0.4850079417228699,0.4264575242996216,-0.14577600359916687,0.48952794075012207,0.4171797037124634,-0.11174895614385605,0.4853249192237854,0.4344102144241333,-0.11062765121459961,0.4865210950374603,0.4320836663246155,-0.10075616836547852,0.49328047037124634,0.4603545665740967,-0.13659849762916565,0.5152541399002075,0.4168199300765991,-0.06865375488996506,0.4875789284706116,0.506373405456543,-0.08051993697881699,0.5185368657112122,0.4571748971939087,0.002928137080743909,0.48410463333129883,0.4932413399219513,0.0010431254049763083,0.5023240447044373,0.4749695360660553,0.053022485226392746,0.481377512216568,0.4947994351387024,0.0009554616990499198,0.49991098046302795,0.4796144664287567,0.062472231686115265,0.48523983359336853,0.48790600895881653,-0.001959018874913454,0.4974760115146637,0.4818359315395355,0.04965786263346672,0.48641809821128845,0.4877258837223053,0.0014742589555680752,0.4979466497898102,0.4806912839412689,0.04985617846250534,0.5105735659599304,0.5245707035064697,-0.033116310834884644,0.5197357535362244,0.5029098987579346,0.033201150596141815,0.47422170639038086,0.4859929084777832,-0.030302589759230614,0.4829177260398865,0.4584791958332062,0.03151262551546097,0.4504467844963074,0.5447659492492676,0.025048578158020973,0.45879706740379333,0.532342791557312,0.07590656727552414,0.45050421357154846,0.5594218969345093,0.03167315572500229,0.45870980620384216,0.548046350479126,0.0792681872844696,0.43320751190185547,0.5333819389343262,0.022183595225214958,0.4422491490840912,0.52903151512146,0.06789566576480865
0510,./images/2/frame_00510.jpg,Fall,0.48325490951538086,0.4252404570579529,-0.09683658182621002,0.482466459274292,0.4220031201839447,-0.11073461920022964,0.4820944368839264,0.422909677028656,-0.11070869863033295,0.48184871673583984,0.42389294505119324,-0.11073489487171173,0.48409032821655273,0.4170295298099518,-0.10423654317855835,0.4849376678466797,0.41518130898475647,-0.10429765284061432,0.48598384857177734,0.4134368598461151,-0.10434029996395111,0.48476681113243103,0.4251231253147125,-0.13779273629188538,0.4919866919517517,0.41315028071403503,-0.10817290842533112,0.4850366711616516,0.43090540170669556,-0.10274295508861542,0.4868553578853607,0.4265633523464203,-0.09413083642721176,0.48432764410972595,0.4630541503429413,-0.13061287999153137,0.5167578458786011,0.4168589413166046,-0.06884002685546875,0.4804410934448242,0.5093371272087097,-0.07394608855247498,0.5265215039253235,0.4473513662815094,0.007688300218433142,0.4786965250968933,0.49360227584838867,0.005456102080643177,0.5090197920799255,0.46490877866744995,0.059692494571208954,0.4758106768131256,0.49445202946662903,0.0014676975551992655,0.5069178342819214,0.4690140187740326,0.06786970794200897,0.48133331537246704,0.486981064081192,0.0017472185427322984,0.5037150382995605,0.4724782705307007,0.05168629810214043,0.4828738272190094,0.4864087700843811,0.0027392436750233173,0.5035253763198853,0.47233501076698303,0.056038178503513336,0.5085433125495911,0.5260654091835022,-0.03232692927122116,0.5221351385116577,0.5027446150779724,0.032409150153398514,0.47151508927345276,0.48455336689949036,-0.02895752154290676,0.487111896276474,0.44662442803382874,0.03507477045059204,0.45109111070632935,0.5442155003547668,0.037059538066387177,0.4659188687801361,0.5258166193962097,0.08738689124584198,0.45183616876602173,0.558026134967804,0.044415850192308426,0.4661860466003418,0.5417952537536621,0.09185254573822021,0.435086727142334,0.5342681407928467,0.039693497121334076,0.4507932662963867,0.5263227224349976,0.082103431224823
0511,./images/2/frame_00511.jpg,Fall,0.4833558201789856,0.4239928722381592,-0.0901760533452034,0.48261594772338867,0.42095857858657837,-0.1046142727136612,0.4822251796722412,0.4219857156276703,-0.10458587110042572,0.48188477754592896,0.42331764101982117,-0.1046084612607956,0.4848722517490387,0.4157826006412506,-0.09810608625411987,0.4860750138759613,0.4138363301753998,-0.0981646478176117,0.48741817474365234,0.41190409660339355,-0.09820806980133057,0.4847397208213806,0.4248335659503937,-0.13550110161304474,0.49385347962379456,0.4118940532207489,-0.10675513744354248,0.485018789768219,0.43024978041648865,-0.0973941832780838,0.4870648980140686,0.42606833577156067,-0.08880805969238281,0.4827720522880554,0.4667540192604065,-0.12936362624168396,0.5189101696014404,0.41696447134017944,-0.07338530570268631,0.47616657614707947,0.5095667243003845,-0.07063384354114532,0.5327953100204468,0.44536128640174866,0.0031535071320831776,0.4749394953250885,0.4931342601776123,0.005917021073400974,0.5141900777816772,0.46462568640708923,0.06246193125844002,0.4722925126552582,0.4935445189476013,0.0047538625076413155,0.5122610330581665,0.46817678213119507,0.07120069116353989,0.47790899872779846,0.4860115349292755,0.002088282024487853,0.5084707736968994,0.4721876382827759,0.05714021250605583,0.4795769155025482,0.4853329658508301,0.005630770232528448,0.5080992579460144,0.4722878336906433,0.0591595359146595,0.5078287720680237,0.5270894765853882,-0.030872810631990433,0.5250566601753235,0.501950740814209,0.030910929664969444,0.47058072686195374,0.480578750371933,-0.01930171437561512,0.49338826537132263,0.4353700876235962,0.04278989136219025,0.45186591148376465,0.5426619052886963,0.05433157831430435,0.47942835092544556,0.5144573450088501,0.10938922315835953,0.45340123772621155,0.5564196109771729,0.062269993126392365,0.480386883020401,0.5300989151000977,0.11514192819595337,0.4353838860988617,0.534921407699585,0.061540067195892334,0.4665260314941406,0.5165224075317383,0.11072276532649994
0512,./images/2/frame_00512.jpg,Fall,0.48374420404434204,0.423328697681427,-0.11335711181163788,0.48298707604408264,0.4205327033996582,-0.12711676955223083,0.48254361748695374,0.4215521514415741,-0.1271021068096161,0.48214301466941833,0.4227427542209625,-0.12714597582817078,0.4850476384162903,0.4151902496814728,-0.12136401236057281,0.4862109124660492,0.4134141802787781,-0.12143023312091827,0.487456738948822,0.41162627935409546,-0.1214761734008789,0.48473525047302246,0.4245791435241699,-0.15240240097045898,0.49354615807533264,0.41219112277030945,-0.12654265761375427,0.48508816957473755,0.4298364520072937,-0.11826060712337494,0.48739761114120483,0.42448171973228455,-0.1107119768857956,0.47964638471603394,0.46640536189079285,-0.14017722010612488,0.5191166400909424,0.4181143045425415,-0.08803083002567291,0.476902574300766,0.5106844902038574,-0.07855053246021271,0.5311707258224487,0.4544416666030884,-0.009271102957427502,0.475975900888443,0.4966046214103699,-0.00642395531758666,0.5136687755584717,0.4724256694316864,0.055434416979551315,0.47353434562683105,0.4964599311351776,-0.010110003873705864,0.5119751691818237,0.4746558666229248,0.06323713809251785,0.4784902036190033,0.48944711685180664,-0.016198720782995224,0.5079745054244995,0.47863882780075073,0.05014235898852348,0.47991687059402466,0.48883751034736633,-0.008043460547924042,0.5076497793197632,0.47896549105644226,0.05237675830721855,0.5067216157913208,0.5254660248756409,-0.025915253907442093,0.5250795483589172,0.4988810122013092,0.025943374261260033,0.4695214331150055,0.47908690571784973,0.00722129363566637,0.497161328792572,0.43410825729370117,0.05924658104777336,0.45449191331863403,0.5368202924728394,0.10661964118480682,0.48660239577293396,0.5024071335792542,0.149248868227005,0.45654335618019104,0.5497103333473206,0.11761149019002914,0.4881021976470947,0.5160233378410339,0.15806403756141663,0.43834441900253296,0.5296496748924255,0.11976597458124161,0.47332197427749634,0.5018436908721924,0.1566304713487625
0513,./images/2/frame_00513.jpg,Fall,0.4837695062160492,0.41937917470932007,-0.1307593584060669,0.4831034541130066,0.41825875639915466,-0.14469444751739502,0.4826430678367615,0.41989022493362427,-0.1446702778339386,0.4822083115577698,0.42128682136535645,-0.1447078436613083,0.4856128692626953,0.41119256615638733,-0.1383676677942276,0.4869926869869232,0.4094125032424927,-0.13845154643058777,0.4884476065635681,0.4076053202152252,-0.13850510120391846,0.48467883467674255,0.4241895079612732,-0.1700795441865921,0.49540454149246216,0.41032370924949646,-0.14207641780376434,0.4849146902561188,0.427434504032135,-0.13601836562156677,0.48740172386169434,0.42168426513671875,-0.127818763256073,0.47947436571121216,0.4674261808395386,-0.15339356660842896,0.5202596783638,0.41810816526412964,-0.10276784747838974,0.4744388163089752,0.5158103108406067,-0.08697547763586044,0.5323282480239868,0.45383933186531067,-0.021211344748735428,0.47205859422683716,0.5064205527305603,-0.010989035479724407,0.5160840749740601,0.4703013002872467,0.04586372151970863,0.4689107835292816,0.50887131690979,-0.016639428213238716,0.5150380730628967,0.47172001004219055,0.05122638866305351,0.47430795431137085,0.5013941526412964,-0.025327542796730995,0.5111446976661682,0.4756074547767639,0.03738200291991234,0.4765476584434509,0.49952957034111023,-0.013778610154986382,0.5103400945663452,0.47661760449409485,0.04228299856185913,0.5052963495254517,0.5255555510520935,-0.023224614560604095,0.5255695581436157,0.4979727864265442,0.02324715442955494,0.4664060175418854,0.478750616312027,-0.0008156379917636514,0.5000651478767395,0.42843925952911377,0.05275212973356247,0.453666627407074,0.5354262590408325,0.10752252489328384,0.4900740683078766,0.4968611001968384,0.15362857282161713,0.45534688234329224,0.5475298762321472,0.11931862682104111,0.49118369817733765,0.5111265778541565,0.16370582580566406,0.4373486042022705,0.5301632881164551,0.11905411630868912,0.4773639142513275,0.49527838826179504,0.15961429476737976
0514,./images/2/frame_00514.jpg,Fall,0.4844816327095032,0.4139315187931061,-0.12781009078025818,0.48400235176086426,0.4161930978298187,-0.14155779778957367,0.4832192063331604,0.4179253578186035,-0.14153455197811127,0.4827032685279846,0.4198702871799469,-0.14156481623649597,0.48692139983177185,0.4089268445968628,-0.13648995757102966,0.4884875416755676,0.40734559297561646,-0.13656041026115417,0.49010366201400757,0.4057407081127167,-0.1366138458251953,0.48466259241104126,0.4233754575252533,-0.1649659425020218,0.4967920780181885,0.40936407446861267,-0.14274151623249054,0.48519912362098694,0.42387497425079346,-0.13187898695468903,0.48855680227279663,0.41768789291381836,-0.12537100911140442,0.4777110517024994,0.4669622778892517,-0.14666606485843658,0.5221814513206482,0.41952526569366455,-0.10724041610956192,0.47444963455200195,0.5140092372894287,-0.08327817916870117,0.5346415042877197,0.4533647298812866,-0.02757076360285282,0.47362175583839417,0.5023462772369385,-0.014592994935810566,0.5176422595977783,0.4650871753692627,0.039856087416410446,0.4707585871219635,0.5046780705451965,-0.01994958147406578,0.5163443088531494,0.46542516350746155,0.04329562932252884,0.4750813841819763,0.4976005554199219,-0.028284475207328796,0.512283980846405,0.4681200385093689,0.03137362748384476,0.47703924775123596,0.4956941306591034,-0.01720385067164898,0.511358916759491,0.4695362150669098,0.03690905496478081,0.5033584833145142,0.5246053338050842,-0.017317932099103928,0.5266042351722717,0.4988119900226593,0.017290299758315086,0.46484842896461487,0.4799525737762451,0.04284227639436722,0.5069345235824585,0.4310072660446167,0.07351860404014587,0.4535560607910156,0.5344897508621216,0.15088334679603577,0.5012303590774536,0.4909197986125946,0.2001323252916336,0.45564165711402893,0.5463627576828003,0.16362319886684418,0.5030499696731567,0.5040634274482727,0.21340587735176086,0.438251793384552,0.5289651155471802,0.17326630651950836,0.4906122088432312,0.486660897731781,0.22502148151397705
0515,./images/2/frame_00515.jpg,Fall,0.484719455242157,0.41341862082481384,-0.128385990858078,0.48418545722961426,0.4140394330024719,-0.1419621706008911,0.483450323343277,0.41563817858695984,-0.14193697273731232,0.4828154146671295,0.4173327684402466,-0.14197300374507904,0.4874863624572754,0.40582388639450073,-0.13625696301460266,0.48903512954711914,0.4042898416519165,-0.1363285481929779,0.4906173348426819,0.4027324616909027,-0.13637694716453552,0.4846702516078949,0.4218817949295044,-0.16399076581001282,0.49744099378585815,0.40708422660827637,-0.13887886703014374,0.485164076089859,0.42152857780456543,-0.13202457129955292,0.4886491298675537,0.4146728813648224,-0.12470924854278564,0.4774245321750641,0.4665496349334717,-0.14476481080055237,0.5218690037727356,0.41950780153274536,-0.09917448461055756,0.47500625252723694,0.5135588645935059,-0.08097084611654282,0.53499835729599,0.4514599144458771,-0.01518721878528595,0.4744437634944916,0.4985842704772949,-0.008187243714928627,0.5176754593849182,0.46343666315078735,0.044229187071323395,0.47177085280418396,0.4966777265071869,-0.012721610255539417,0.5160223245620728,0.46410423517227173,0.05038942024111748,0.47579631209373474,0.48910823464393616,-0.02018345147371292,0.5121413469314575,0.4675411283969879,0.03983793780207634,0.4772249758243561,0.48901957273483276,-0.010264815762639046,0.5114371180534363,0.468889445066452,0.041293978691101074,0.502404510974884,0.5236129760742188,-0.019197575747966766,0.5267990827560425,0.49800872802734375,0.01919267140328884,0.4634237289428711,0.48057177662849426,0.025970157235860825,0.5053421258926392,0.4267417788505554,0.06678558886051178,0.4532712399959564,0.5356504321098328,0.12879477441310883,0.49824538826942444,0.48742884397506714,0.181491419672966,0.4551966190338135,0.5476177930831909,0.140884131193161,0.4999188482761383,0.5008407831192017,0.19344130158424377,0.43766099214553833,0.5297217965126038,0.14990374445915222,0.48664188385009766,0.48415765166282654,0.202607199549675
0516,./images/2/frame_00516.jpg,Fall,0.48470741510391235,0.4124687910079956,-0.1639036238193512,0.48410147428512573,0.4125016927719116,-0.1757916659116745,0.4834212362766266,0.4140428304672241,-0.17576713860034943,0.48279327154159546,0.41565895080566406,-0.17580176889896393,0.48773127794265747,0.4037984311580658,-0.1705951988697052,0.4893623888492584,0.4021669626235962,-0.17066898941993713,0.49102702736854553,0.40052032470703125,-0.17071738839149475,0.4846392273902893,0.4208158850669861,-0.18608959019184113,0.49861758947372437,0.4052107036113739,-0.16346217691898346,0.48476576805114746,0.42006242275238037,-0.16282634437084198,0.48857665061950684,0.4128081500530243,-0.15624311566352844,0.4772619605064392,0.466291218996048,-0.1549893468618393,0.5230790376663208,0.41982418298721313,-0.11512964963912964,0.4719558656215668,0.517527163028717,-0.08490292727947235,0.5394591093063354,0.452520489692688,-0.027921011671423912,0.4729980528354645,0.4983663856983185,-0.014901560731232166,0.5223038196563721,0.47164615988731384,0.039126694202423096,0.4706041216850281,0.49659571051597595,-0.019947966560721397,0.5207552313804626,0.474067360162735,0.043699946254491806,0.4757896065711975,0.48921042680740356,-0.029075682163238525,0.5169495344161987,0.47907692193984985,0.031017189845442772,0.4776461124420166,0.4890802204608917,-0.017562592402100563,0.5162975192070007,0.48021557927131653,0.036291856318712234,0.5026707649230957,0.5231709480285645,-0.0185885950922966,0.5268073678016663,0.4963974952697754,0.01859787479043007,0.46402883529663086,0.48078590631484985,0.03852762281894684,0.504633903503418,0.43042853474617004,0.07705322653055191,0.4538060128688812,0.5356058478355408,0.152584046125412,0.49912577867507935,0.4905267357826233,0.20017461478710175,0.45606985688209534,0.5482809543609619,0.16550755500793457,0.50067538022995,0.5042571425437927,0.21323668956756592,0.43793123960494995,0.5285078883171082,0.1727617084980011,0.48691409826278687,0.485390841960907,0.22223463654518127
0517,./images/2/frame_00517.jpg,Fall,0.4846119284629822,0.4071294069290161,-0.1712857186794281,0.48406514525413513,0.40922367572784424,-0.18288451433181763,0.48338785767555237,0.41102954745292664,-0.182860866189003,0.48278218507766724,0.4128853380680084,-0.18289992213249207,0.487832248210907,0.4015551805496216,-0.1770826131105423,0.4894790053367615,0.3999393582344055,-0.17716051638126373,0.49115410447120667,0.3983098864555359,-0.17720824480056763,0.48463353514671326,0.41915515065193176,-0.19160258769989014,0.4991576671600342,0.40295135974884033,-0.16610682010650635,0.4839264750480652,0.4173756539821625,-0.16975413262844086,0.4885350167751312,0.41118574142456055,-0.1623345911502838,0.47847214341163635,0.4686598777770996,-0.15922944247722626,0.5236036777496338,0.41984689235687256,-0.11524736881256104,0.4710578918457031,0.5171107649803162,-0.08864641189575195,0.5399049520492554,0.4534076750278473,-0.028937852010130882,0.47123780846595764,0.49871185421943665,-0.014834588393568993,0.5241314172744751,0.4794592261314392,0.03614082932472229,0.4687844216823578,0.4974074065685272,-0.02012811414897442,0.522632896900177,0.4835575222969055,0.04018596559762955,0.47412046790122986,0.4906902313232422,-0.029322529211640358,0.5195306539535522,0.48955026268959045,0.026779618114233017,0.4762730002403259,0.49043166637420654,-0.017460789531469345,0.5190051794052124,0.4899837374687195,0.033117469400167465,0.5031976103782654,0.5229608416557312,-0.02014564350247383,0.5268675088882446,0.49550315737724304,0.020166894420981407,0.46450358629226685,0.4803728461265564,0.026620933786034584,0.502943217754364,0.42966964840888977,0.07462044060230255,0.45414918661117554,0.5352202653884888,0.14484307169914246,0.4975014328956604,0.49025052785873413,0.19381891191005707,0.45642757415771484,0.5483237504959106,0.15790612995624542,0.499136358499527,0.5041552782058716,0.20628909766674042,0.4379035532474518,0.527811586856842,0.1612776219844818,0.4848623275756836,0.4852239787578583,0.2101733684539795
0518,./images/2/frame_00518.jpg,Fall,0.4864266812801361,0.4062105715274811,-0.19481489062309265,0.4854794442653656,0.4082927703857422,-0.2056000530719757,0.484501451253891,0.4103221893310547,-0.20557770133018494,0.4837580621242523,0.4121466875076294,-0.20562143623828888,0.4907926619052887,0.4017810523509979,-0.2005094587802887,0.4926412105560303,0.40031957626342773,-0.20059701800346375,0.49451208114624023,0.39884358644485474,-0.20064501464366913,0.48520928621292114,0.4189017713069916,-0.2079850137233734,0.5026516318321228,0.4037540853023529,-0.18568691611289978,0.4845823645591736,0.4162415862083435,-0.19071689248085022,0.4907172620296478,0.41125133633613586,-0.1842348426580429,0.4785298705101013,0.46961483359336853,-0.16656410694122314,0.5247573256492615,0.42039597034454346,-0.12717637419700623,0.4678731858730316,0.515990674495697,-0.09211959689855576,0.541976809501648,0.4534054100513458,-0.034509144723415375,0.4687584936618805,0.499134361743927,-0.016131523996591568,0.5260927677154541,0.4771648943424225,0.03718653321266174,0.46639567613601685,0.498492568731308,-0.02084311656653881,0.5246060490608215,0.48077964782714844,0.04196425527334213,0.47154515981674194,0.4928334057331085,-0.03124614618718624,0.5213253498077393,0.4857553243637085,0.02855667844414711,0.4739723205566406,0.4923279285430908,-0.019003605470061302,0.5206076502799988,0.4862532615661621,0.034466810524463654,0.5035140514373779,0.5223998427391052,-0.017739640548825264,0.5274980068206787,0.4957882761955261,0.01779676042497158,0.4637112021446228,0.4781687557697296,0.018632924184203148,0.5039679408073425,0.42917531728744507,0.06517281383275986,0.45440253615379333,0.5323290824890137,0.13480594754219055,0.4997125566005707,0.48598235845565796,0.17946143448352814,0.45675116777420044,0.5443786978721619,0.1478799432516098,0.5015476942062378,0.49916234612464905,0.1918923407793045,0.4392458498477936,0.5270174741744995,0.15366864204406738,0.4880656599998474,0.4810520112514496,0.19770362973213196
0519,./images/2/frame_00519.jpg,Fall,0.48613810539245605,0.40868666768074036,-0.15942250192165375,0.485262393951416,0.4091632068157196,-0.17238926887512207,0.4844202399253845,0.4109574258327484,-0.1723649650812149,0.48382025957107544,0.41295140981674194,-0.17240843176841736,0.49031639099121094,0.4025646150112152,-0.16534104943275452,0.49198412895202637,0.4009248614311218,-0.16541922092437744,0.4936489462852478,0.39926600456237793,-0.1654619574546814,0.48554474115371704,0.41885536909103394,-0.18924912810325623,0.5008915662765503,0.4026700258255005,-0.15845724940299988,0.48458990454673767,0.4175698459148407,-0.1612015962600708,0.4903091788291931,0.4125295877456665,-0.1519908756017685,0.48116064071655273,0.4696020483970642,-0.16523484885692596,0.5234068632125854,0.41861140727996826,-0.11561858654022217,0.46874332427978516,0.5131984949111938,-0.0981590673327446,0.5394264459609985,0.44779545068740845,-0.027333751320838928,0.47278982400894165,0.5008962154388428,-0.01541211735457182,0.5228346586227417,0.4759989082813263,0.03968292474746704,0.47174444794654846,0.5021134614944458,-0.021217193454504013,0.5211646556854248,0.48010432720184326,0.0451270155608654,0.4767044484615326,0.49675700068473816,-0.030617794021964073,0.517827570438385,0.48526573181152344,0.03017754852771759,0.47833943367004395,0.4956413805484772,-0.018222443759441376,0.5174081921577454,0.4853188395500183,0.03601710498332977,0.5052549242973328,0.5226367712020874,-0.02820853516459465,0.5272234678268433,0.4950125515460968,0.028286824002861977,0.4642024636268616,0.47850990295410156,-0.026828330010175705,0.49495261907577515,0.43053433299064636,0.05187075212597847,0.4543161392211914,0.5356847047805786,0.07534731924533844,0.49075406789779663,0.48980921506881714,0.1378674954175949,0.4564647078514099,0.553381621837616,0.08612799644470215,0.49184536933898926,0.5018921494483948,0.1458023190498352,0.4379555583000183,0.5376412272453308,0.0864744707942009,0.47749510407447815,0.4812272787094116,0.14345504343509674
0520,./images/2/frame_00520.jpg,Fall,0.4857715964317322,0.4085913300514221,-0.1729007065296173,0.485119491815567,0.4085615873336792,-0.18458601832389832,0.4843541979789734,0.41036859154701233,-0.18456199765205383,0.48378896713256836,0.4122216999530792,-0.1846063733100891,0.48970848321914673,0.4022589921951294,-0.17704853415489197,0.49126696586608887,0.400556743144989,-0.17712579667568207,0.49283114075660706,0.39883825182914734,-0.17716199159622192,0.485720157623291,0.418597549200058,-0.19292260706424713,0.5003349184989929,0.40150976181030273,-0.15926024317741394,0.484544038772583,0.4168809652328491,-0.17140860855579376,0.49024176597595215,0.412688672542572,-0.16154037415981293,0.48156189918518066,0.46486952900886536,-0.16157092154026031,0.5231277346611023,0.4177219867706299,-0.10754839330911636,0.4688454270362854,0.5097677707672119,-0.0958109050989151,0.5415213704109192,0.4417434334754944,-0.022761162370443344,0.47638219594955444,0.5008269548416138,-0.015923693776130676,0.523608922958374,0.4754592776298523,0.03656669333577156,0.47598034143447876,0.5015283226966858,-0.021513497456908226,0.5209304690361023,0.4792993664741516,0.04204576089978218,0.4806149899959564,0.49535447359085083,-0.03040626086294651,0.5180582404136658,0.48417094349861145,0.02692168392241001,0.4819933772087097,0.4943813383579254,-0.01851336658000946,0.518164873123169,0.48429617285728455,0.032881416380405426,0.5055972933769226,0.5227411985397339,-0.029124807566404343,0.5270494818687439,0.49368324875831604,0.029212886467576027,0.467343807220459,0.4720333218574524,-0.026943806558847427,0.49289536476135254,0.43084144592285156,0.053386956453323364,0.4537530541419983,0.5358514785766602,0.0708797499537468,0.4869801104068756,0.4919196665287018,0.13649724423885345,0.4556760787963867,0.5523387789726257,0.0809495598077774,0.4874320924282074,0.5025696754455566,0.14438451826572418,0.43708890676498413,0.5342381000518799,0.07975323498249054,0.4735022187232971,0.4845961630344391,0.1429140418767929
0521,./images/2/frame_00521.jpg,Fall,0.4843522012233734,0.40733790397644043,-0.17229101061820984,0.48474055528640747,0.40707841515541077,-0.18369165062904358,0.48419031500816345,0.4090908467769623,-0.18366791307926178,0.4837428033351898,0.41107144951820374,-0.1837124526500702,0.4875950217247009,0.4013599753379822,-0.17574626207351685,0.4889766573905945,0.39987021684646606,-0.17582985758781433,0.4923672080039978,0.397060364484787,-0.17586567997932434,0.4857499599456787,0.41783633828163147,-0.1912282407283783,0.5003397464752197,0.40016627311706543,-0.15583831071853638,0.4838643968105316,0.4155673086643219,-0.17072485387325287,0.48927706480026245,0.41149333119392395,-0.16030268371105194,0.48221731185913086,0.46916598081588745,-0.15981309115886688,0.5214558839797974,0.4154427945613861,-0.10009076446294785,0.4701944887638092,0.5100225210189819,-0.09453291445970535,0.541487455368042,0.4374120533466339,-0.014564004726707935,0.476005494594574,0.5008200407028198,-0.011069850996136665,0.5240552425384521,0.4682938754558563,0.03943119943141937,0.4755660593509674,0.5024003982543945,-0.016585232689976692,0.5213050246238708,0.4740864634513855,0.04468337446451187,0.48031362891197205,0.4961247444152832,-0.027919065207242966,0.519087016582489,0.47951817512512207,0.029603412374854088,0.48167872428894043,0.49485892057418823,-0.014103311114013195,0.5191814303398132,0.4796226918697357,0.035744763910770416,0.5074706077575684,0.5228518843650818,-0.03189108520746231,0.5268117189407349,0.4941657483577728,0.03202429786324501,0.46722611784935,0.4731740355491638,-0.04401272162795067,0.488008588552475,0.437704861164093,0.03769247233867645,0.4530845284461975,0.5368140339851379,0.05051258206367493,0.4766086935997009,0.5058820247650146,0.1114216297864914,0.4543398320674896,0.5523433685302734,0.059653908014297485,0.4764248728752136,0.5214661359786987,0.11779721826314926,0.436886727809906,0.5347820520401001,0.05450288578867912,0.4621771275997162,0.5034969449043274,0.10930497944355011
0522,./images/2/frame_00522.jpg,Fall,0.4840866029262543,0.40641510486602783,-0.17442980408668518,0.4846876263618469,0.4062151312828064,-0.18571822345256805,0.4841495156288147,0.4082593619823456,-0.18569448590278625,0.48372310400009155,0.4102511405944824,-0.18574295938014984,0.4872050881385803,0.4008422791957855,-0.17741075158119202,0.4891427457332611,0.39876073598861694,-0.17749275267124176,0.4920681416988373,0.3966978192329407,-0.17752684652805328,0.48610058426856995,0.41717398166656494,-0.19225695729255676,0.5003759860992432,0.39963212609291077,-0.15510053932666779,0.483804315328598,0.41471484303474426,-0.17248061299324036,0.48891058564186096,0.4111783802509308,-0.16157039999961853,0.4844125807285309,0.469331830739975,-0.16056136786937714,0.5208605527877808,0.41471508145332336,-0.09709019958972931,0.4744371771812439,0.5098230838775635,-0.09756381809711456,0.5413409471511841,0.4373166263103485,-0.01391263771802187,0.4812332093715668,0.4992831349372864,-0.013938484713435173,0.5248435735702515,0.4673367440700531,0.03870043903589249,0.480874240398407,0.5006106495857239,-0.0189684871584177,0.5221608877182007,0.4735797941684723,0.044330038130283356,0.48562249541282654,0.494470477104187,-0.029005607590079308,0.5202198028564453,0.4789673686027527,0.029750388115644455,0.4869055151939392,0.49334919452667236,-0.016791153699159622,0.5203121900558472,0.4788719713687897,0.03518371284008026,0.5081675052642822,0.5227922797203064,-0.03260456770658493,0.5267210602760315,0.493913859128952,0.03274441510438919,0.4671928286552429,0.4745696187019348,-0.0447215773165226,0.48717474937438965,0.44090843200683594,0.034781452268362045,0.4530818462371826,0.5376966595649719,0.04533961042761803,0.47394871711730957,0.5108045935630798,0.10442709922790527,0.45433512330055237,0.5527791976928711,0.05407004430890083,0.4738377034664154,0.5273958444595337,0.11050274223089218,0.4368704855442047,0.5347173810005188,0.050312258303165436,0.45878082513809204,0.5084895491600037,0.10393186658620834
0523,./images/2/frame_00523.jpg,Fall,0.4839390814304352,0.40361183881759644,-0.16952602565288544,0.48464566469192505,0.40368062257766724,-0.18140561878681183,0.4841170310974121,0.40620002150535583,-0.18138061463832855,0.48369160294532776,0.4083344042301178,-0.18142375349998474,0.4871981143951416,0.39889758825302124,-0.1741446703672409,0.48899245262145996,0.39755991101264954,-0.1742316037416458,0.49248990416526794,0.39481663703918457,-0.17427220940589905,0.4860633909702301,0.4158532917499542,-0.19029024243354797,0.4985610544681549,0.39939579367637634,-0.15755556523799896,0.48366183042526245,0.4126929044723511,-0.16841477155685425,0.4888661503791809,0.4091006815433502,-0.15896591544151306,0.4819045066833496,0.4717424511909485,-0.1592482626438141,0.5210049748420715,0.4144180417060852,-0.09907001256942749,0.47144684195518494,0.5112907886505127,-0.09257671982049942,0.5455719232559204,0.4262564480304718,-0.012712945230305195,0.47273939847946167,0.49926483631134033,-0.0018606577068567276,0.5306219458580017,0.4584019184112549,0.04743426293134689,0.470447301864624,0.5007200241088867,-0.006106913555413485,0.5286589860916138,0.46284863352775574,0.05252919718623161,0.4756441116333008,0.4944992959499359,-0.016469385474920273,0.5261765718460083,0.46775007247924805,0.037825919687747955,0.47785353660583496,0.49334007501602173,-0.004621574655175209,0.5257424712181091,0.4687177538871765,0.04407203570008278,0.5080179572105408,0.5228407382965088,-0.03125539422035217,0.5270287394523621,0.49417999386787415,0.03136380389332771,0.4641036093235016,0.4750794768333435,-0.037472061812877655,0.48916929960250854,0.43525391817092896,0.0386243537068367,0.4514113962650299,0.5371404886245728,0.05845082923769951,0.48145928978919983,0.5038642287254333,0.1150328740477562,0.45302748680114746,0.5507491827011108,0.06817822903394699,0.4818381667137146,0.5204423666000366,0.12189744412899017,0.43525224924087524,0.5347866415977478,0.06673934310674667,0.469022661447525,0.5033530592918396,0.11687644571065903
0524,./images/2/frame_00524.jpg,Fall,0.4837954640388489,0.4034479856491089,-0.1691855490207672,0.48461270332336426,0.4039909243583679,-0.18103082478046417,0.4841063618659973,0.40628713369369507,-0.1810120791196823,0.48368358612060547,0.4083712697029114,-0.18105509877204895,0.4871923327445984,0.3989329934120178,-0.1743970811367035,0.4903106093406677,0.39644330739974976,-0.17447663843631744,0.4928955137729645,0.39439550042152405,-0.1745178997516632,0.48604053258895874,0.41570037603378296,-0.1892123967409134,0.5011333227157593,0.3991287350654602,-0.15945398807525635,0.4834769666194916,0.41288384795188904,-0.16759911179542542,0.4888390898704529,0.4085902273654938,-0.15901656448841095,0.48049020767211914,0.4728117287158966,-0.15827889740467072,0.5211058855056763,0.4142215847969055,-0.10347870737314224,0.4718073010444641,0.5114156603813171,-0.0921681672334671,0.5484723448753357,0.4179832339286804,-0.02215469814836979,0.4731355309486389,0.4967535734176636,-0.0022986666299402714,0.5326563119888306,0.45184028148651123,0.03416283056139946,0.470977783203125,0.49714091420173645,-0.007434207014739513,0.5298462510108948,0.4560621380805969,0.03797798603773117,0.47610631585121155,0.49069562554359436,-0.017407124862074852,0.5270789265632629,0.4611169993877411,0.025103524327278137,0.47820597887039185,0.49000710248947144,-0.004902738146483898,0.5269352793693542,0.4623684883117676,0.03129332885146141,0.5079124569892883,0.5228750705718994,-0.030217742547392845,0.5272849798202515,0.4941455125808716,0.030384331941604614,0.46388429403305054,0.47414952516555786,-0.02869928441941738,0.49373990297317505,0.42456915974617004,0.04137714207172394,0.450382798910141,0.534700870513916,0.0656685084104538,0.490450382232666,0.49100181460380554,0.11844731867313385,0.45188236236572266,0.54803466796875,0.07534436881542206,0.49165692925453186,0.5063231587409973,0.12560927867889404,0.43362292647361755,0.5314449667930603,0.07389293611049652,0.47934332489967346,0.48922497034072876,0.12347511947154999
0525,./images/2/frame_00525.jpg,Fall,0.48394519090652466,0.4023381471633911,-0.16806349158287048,0.484778493642807,0.4027068316936493,-0.17932279407978058,0.48420077562332153,0.4052371680736542,-0.17932088673114777,0.48374447226524353,0.40728411078453064,-0.17934547364711761,0.4893968105316162,0.3969627916812897,-0.17227141559123993,0.49185165762901306,0.3951045274734497,-0.17235571146011353,0.494093120098114,0.39339518547058105,-0.17237204313278198,0.4860212206840515,0.4148915708065033,-0.18611377477645874,0.49997037649154663,0.399095356464386,-0.1574287861585617,0.483489990234375,0.4118093252182007,-0.16555050015449524,0.4893140196800232,0.4067970812320709,-0.1566939651966095,0.47824352979660034,0.47279930114746094,-0.15461985766887665,0.5236194133758545,0.4149650037288666,-0.1055988296866417,0.4704785943031311,0.5108009576797485,-0.08652890473604202,0.5503015518188477,0.4244021475315094,-0.028268080204725266,0.4730042517185211,0.4916530251502991,-0.0039270720444619656,0.5319018363952637,0.44565773010253906,0.02606126293540001,0.47110915184020996,0.4906374514102936,-0.008500081486999989,0.5290437936782837,0.44883817434310913,0.028702642768621445,0.47632795572280884,0.4844861626625061,-0.017590943723917007,0.5258844494819641,0.4539280831813812,0.015771348029375076,0.4783784747123718,0.48427000641822815,-0.0061745233833789825,0.52570641040802,0.45541128516197205,0.023019123822450638,0.5073707699775696,0.5229246020317078,-0.026078859344124794,0.5277093052864075,0.4940004050731659,0.026206249371170998,0.4636322557926178,0.47461920976638794,-0.01718706265091896,0.5002859830856323,0.4184011220932007,0.0432235412299633,0.4505561888217926,0.5336019992828369,0.08361835777759552,0.5012432932853699,0.47951453924179077,0.12286971509456635,0.4520280361175537,0.5465524196624756,0.09458430111408234,0.5030650496482849,0.49393942952156067,0.1298394501209259,0.43388479948043823,0.5296528935432434,0.09849032014608383,0.49202173948287964,0.4756869375705719,0.13505898416042328
0526,./images/2/frame_00526.jpg,Fall,0.48394522070884705,0.4017735719680786,-0.14417260885238647,0.48476219177246094,0.4019922614097595,-0.15609386563301086,0.48418647050857544,0.40445852279663086,-0.15607315301895142,0.48373374342918396,0.40641090273857117,-0.15609197318553925,0.490072101354599,0.395992249250412,-0.15086111426353455,0.4921945035457611,0.394538551568985,-0.15094102919101715,0.4942459166049957,0.3931144177913666,-0.15099743008613586,0.48595699667930603,0.4142036437988281,-0.16847345232963562,0.5014029741287231,0.3992711305618286,-0.1459420770406723,0.4833553731441498,0.4111146330833435,-0.14447638392448425,0.48948177695274353,0.405606746673584,-0.13785482943058014,0.4765024185180664,0.47245490550994873,-0.14088022708892822,0.5234304666519165,0.4157116413116455,-0.10324368625879288,0.4702426493167877,0.5105603337287903,-0.07385359704494476,0.5480829477310181,0.4277113974094391,-0.024621888995170593,0.47255462408065796,0.49021995067596436,-0.0018475980032235384,0.5311263203620911,0.4434067904949188,0.03010302409529686,0.4708405137062073,0.48897966742515564,-0.007122848182916641,0.5290552377700806,0.4451766014099121,0.035851623862981796,0.47605839371681213,0.4826847016811371,-0.016386155039072037,0.5258628129959106,0.44944390654563904,0.022424176335334778,0.4779394268989563,0.48251524567604065,-0.004590086173266172,0.5253615379333496,0.45103010535240173,0.027149483561515808,0.5057581663131714,0.5229840874671936,-0.020265284925699234,0.5277068018913269,0.4953003227710724,0.02032889984548092,0.4620130658149719,0.47484609484672546,-0.013051259331405163,0.507142186164856,0.4119805693626404,0.03380177170038223,0.4506606161594391,0.5327357053756714,0.08212645351886749,0.5111818909645081,0.4713452160358429,0.1189480796456337,0.4524276852607727,0.5444293022155762,0.09272410720586777,0.5130499601364136,0.4858759939670563,0.1274244785308838,0.4347838759422302,0.5297908186912537,0.097526416182518,0.5048194527626038,0.4660436511039734,0.1344808042049408
0527,./images/2/frame_00527.jpg,Fall,0.48622584342956543,0.398622989654541,-0.1610250174999237,0.4852462410926819,0.4019315838813782,-0.17199216783046722,0.48465973138809204,0.40446391701698303,-0.17198945581912994,0.48405689001083374,0.40638595819473267,-0.17202076315879822,0.4924972951412201,0.3951171338558197,-0.16698502004146576,0.49462366104125977,0.3937729299068451,-0.16706298291683197,0.49672356247901917,0.39243319630622864,-0.1671251654624939,0.4859517216682434,0.4141077697277069,-0.17690807580947876,0.5010515451431274,0.3993126451969147,-0.15637966990470886,0.48344698548316956,0.4097898602485657,-0.15860790014266968,0.4907567501068115,0.40383318066596985,-0.1523621529340744,0.47596779465675354,0.472225159406662,-0.1451510339975357,0.5233878493309021,0.4157539904117584,-0.10847747325897217,0.4705767035484314,0.5083164572715759,-0.0791158527135849,0.5499672889709473,0.4206244945526123,-0.03588101640343666,0.47274667024612427,0.48923662304878235,-0.013799063861370087,0.5311245322227478,0.43180686235427856,0.014017047360539436,0.47099772095680237,0.48818308115005493,-0.01978522725403309,0.5286146998405457,0.43308475613594055,0.015305924229323864,0.4762044847011566,0.4821099638938904,-0.029260411858558655,0.5252439975738525,0.4377899467945099,0.0024670246057212353,0.47810083627700806,0.4818976819515228,-0.016660992056131363,0.5247803926467896,0.440176397562027,0.010914018377661705,0.504466712474823,0.5226797461509705,-0.019714854657649994,0.5276395082473755,0.4927635192871094,0.019816679880023003,0.4612618088722229,0.47582536935806274,-0.014022874645888805,0.5071147680282593,0.4092187285423279,0.03576589375734329,0.4507670998573303,0.5317056775093079,0.08242747187614441,0.5108948945999146,0.46681323647499084,0.11905225366353989,0.4528328776359558,0.5428223013877869,0.09333403408527374,0.5127212405204773,0.4813830554485321,0.1273714303970337,0.4356519281864166,0.5283776521682739,0.0987362414598465,0.5040184259414673,0.4600202739238739,0.13305233418941498
0528,./images/2/frame_00528.jpg,Fall,0.48634257912635803,0.3985069990158081,-0.15559616684913635,0.4852270483970642,0.4024069905281067,-0.16703157126903534,0.4846457839012146,0.40470024943351746,-0.16702505946159363,0.48404112458229065,0.4066048562526703,-0.16705384850502014,0.49216192960739136,0.39499714970588684,-0.16231736540794373,0.4942639470100403,0.3936334252357483,-0.16239765286445618,0.49637556076049805,0.39226147532463074,-0.16246111690998077,0.4859468340873718,0.41405415534973145,-0.17620082199573517,0.5034863352775574,0.3991686999797821,-0.15598788857460022,0.4834374487400055,0.41029807925224304,-0.15454399585723877,0.49080029129981995,0.40404945611953735,-0.14863088726997375,0.4753425121307373,0.47233137488365173,-0.145167738199234,0.5232845544815063,0.41555076837539673,-0.10801168531179428,0.4707781672477722,0.5081292986869812,-0.08118148893117905,0.5495647192001343,0.4109429121017456,-0.040473125874996185,0.4732953608036041,0.48969629406929016,-0.01499952096492052,0.5343745350837708,0.4274461567401886,0.005392164457589388,0.47148457169532776,0.4887818694114685,-0.020553138107061386,0.5322462916374207,0.42827507853507996,0.00565101346001029,0.4768323302268982,0.48239272832870483,-0.029589513316750526,0.5286287069320679,0.43232256174087524,-0.00632651150226593,0.47891420125961304,0.4822094738483429,-0.017732413485646248,0.5280042886734009,0.43505585193634033,0.002314629266038537,0.5041793584823608,0.5226048827171326,-0.020173121243715286,0.5277034044265747,0.4919848144054413,0.02028469741344452,0.4612434506416321,0.4758863151073456,-0.01603500172495842,0.5067437887191772,0.40994611382484436,0.028828253969550133,0.45070281624794006,0.5319003462791443,0.06948007643222809,0.5091453790664673,0.4739151895046234,0.10418270528316498,0.45277389883995056,0.5432836413383484,0.07885638624429703,0.5109037160873413,0.4891276955604553,0.1114303320646286,0.43555957078933716,0.5286415815353394,0.08077435195446014,0.5016686320304871,0.46916860342025757,0.11388558149337769
0529,./images/2/frame_00529.jpg,Fall,0.48582252860069275,0.3994923532009125,-0.16110137104988098,0.48522433638572693,0.40246841311454773,-0.17201048135757446,0.4846504330635071,0.40460970997810364,-0.17200125753879547,0.48402518033981323,0.4065263867378235,-0.17203490436077118,0.49121958017349243,0.39558252692222595,-0.1667480170726776,0.49399691820144653,0.39343273639678955,-0.16683097183704376,0.4960600733757019,0.39209797978401184,-0.16687613725662231,0.48594117164611816,0.4140099287033081,-0.1784285008907318,0.5039709210395813,0.3992280662059784,-0.15648844838142395,0.48344141244888306,0.41007381677627563,-0.1592141091823578,0.4906981587409973,0.4038735330104828,-0.15262456238269806,0.4757634103298187,0.46707412600517273,-0.146591454744339,0.5219868421554565,0.4149949252605438,-0.10688676685094833,0.4714774191379547,0.5102740526199341,-0.07958590239286423,0.5504423379898071,0.4174485206604004,-0.03388170897960663,0.4734745919704437,0.49010998010635376,-0.005182855296880007,0.5374981760978699,0.42429304122924805,0.018019551411271095,0.4715496897697449,0.48944270610809326,-0.009203198365867138,0.5370564460754395,0.423386812210083,0.020257985219359398,0.47687166929244995,0.48301202058792114,-0.01902603916823864,0.5337302684783936,0.4262842833995819,0.0076975589618086815,0.47892555594444275,0.4828076660633087,-0.007834754884243011,0.532441258430481,0.4298887848854065,0.014983780682086945,0.5042513012886047,0.5225113034248352,-0.02105630375444889,0.527434229850769,0.492095023393631,0.021154295653104782,0.46140798926353455,0.4756486713886261,-0.024276580661535263,0.5048138499259949,0.4123672544956207,0.031502194702625275,0.4507306218147278,0.5313146114349365,0.0653085708618164,0.5044256448745728,0.4751077890396118,0.09995514899492264,0.4527803957462311,0.5432919859886169,0.0748237669467926,0.5059438943862915,0.4893433749675751,0.10642611980438232,0.4356760084629059,0.5266762375831604,0.07571910321712494,0.4954323172569275,0.47145384550094604,0.10631193965673447
0530,./images/2/frame_00530.jpg,Fall,0.48474255204200745,0.40000757575035095,-0.15922997891902924,0.48509591817855835,0.40219900012016296,-0.17061260342597961,0.4845424294471741,0.40424519777297974,-0.1706007421016693,0.4838882088661194,0.4061800539493561,-0.17062868177890778,0.48929500579833984,0.3960002064704895,-0.16570359468460083,0.4936787188053131,0.39342179894447327,-0.1657896339893341,0.49578410387039185,0.3920789062976837,-0.1658254861831665,0.48587632179260254,0.41379687190055847,-0.17843344807624817,0.5036014318466187,0.399286687374115,-0.15591742098331451,0.48297780752182007,0.4101991355419159,-0.15749792754650116,0.4906216561794281,0.4040030241012573,-0.1513177901506424,0.47620144486427307,0.4654059112071991,-0.14595931768417358,0.5215833187103271,0.4147140085697174,-0.1070111021399498,0.4715355336666107,0.5139642953872681,-0.07902834564447403,0.5504657030105591,0.4182104468345642,-0.033400729298591614,0.4725780487060547,0.4900943636894226,-0.005889815744012594,0.5359774231910706,0.41572949290275574,0.016619155183434486,0.46989622712135315,0.48844456672668457,-0.01020805723965168,0.5352659225463867,0.4122897982597351,0.01808466948568821,0.47534245252609253,0.480761855840683,-0.019757818430662155,0.5315583944320679,0.415221631526947,0.006074553821235895,0.4776535630226135,0.4811403453350067,-0.00852079875767231,0.5304244756698608,0.42010465264320374,0.013765955343842506,0.5041430592536926,0.5227457880973816,-0.02122049778699875,0.5268968343734741,0.4923548400402069,0.02134033851325512,0.4616278111934662,0.47745025157928467,-0.021603312343358994,0.5043206810951233,0.41848453879356384,0.03435442969202995,0.4512082040309906,0.5314141511917114,0.06904168426990509,0.5038928985595703,0.4807044565677643,0.10668977349996567,0.4530584216117859,0.54322350025177,0.07886769622564316,0.5052580237388611,0.4944583773612976,0.11349956691265106,0.4369041919708252,0.5267688035964966,0.07836611568927765,0.4957018494606018,0.47909241914749146,0.11587756872177124
0531,./images/2/frame_00531.jpg,Fall,0.4844064712524414,0.4002165198326111,-0.15983006358146667,0.48508182168006897,0.40189269185066223,-0.17080381512641907,0.48453226685523987,0.40388917922973633,-0.17079171538352966,0.48384934663772583,0.4058524966239929,-0.17082254588603973,0.4891669750213623,0.39620140194892883,-0.16557160019874573,0.49349111318588257,0.393094927072525,-0.16565601527690887,0.4955829083919525,0.39173567295074463,-0.16569295525550842,0.4858264923095703,0.4136148989200592,-0.1766628921031952,0.503614068031311,0.39907142519950867,-0.15257836878299713,0.48279252648353577,0.41021645069122314,-0.1575014889240265,0.4904802441596985,0.4035528302192688,-0.15109685063362122,0.47644680738449097,0.4715409278869629,-0.14160878956317902,0.5214041471481323,0.41451090574264526,-0.10025110095739365,0.4710486829280853,0.5137380957603455,-0.07478785514831543,0.549921452999115,0.41057026386260986,-0.024129673838615417,0.47158560156822205,0.488593727350235,-0.0008222198230214417,0.5347386598587036,0.41332799196243286,0.02016342803835869,0.46882858872413635,0.48694533109664917,-0.0046928455121815205,0.5335142016410828,0.41125035285949707,0.021533209830522537,0.47424259781837463,0.47948694229125977,-0.013734346255660057,0.5301111936569214,0.4149847626686096,0.008798444643616676,0.47653689980506897,0.4797934591770172,-0.0031144502572715282,0.5293563008308411,0.4194144904613495,0.01742444559931755,0.5042519569396973,0.5228334069252014,-0.02295391634106636,0.5263246893882751,0.49260228872299194,0.023130640387535095,0.46328744292259216,0.4782775938510895,-0.03129195421934128,0.5014087557792664,0.4283374845981598,0.030592700466513634,0.4522646963596344,0.5316125750541687,0.05222875624895096,0.49479278922080994,0.49733003973960876,0.0928695872426033,0.4536098837852478,0.5434754490852356,0.060665398836135864,0.49548831582069397,0.5132375359535217,0.09856767952442169,0.43862906098365784,0.5264488458633423,0.0607660636305809,0.48546546697616577,0.4947533905506134,0.09599319100379944
0532,./images/2/frame_00532.jpg,Fall,0.4836335778236389,0.40040698647499084,-0.17053577303886414,0.48477691411972046,0.40187183022499084,-0.18070244789123535,0.4841397702693939,0.40390464663505554,-0.18068788945674896,0.48358583450317383,0.40586182475090027,-0.18072986602783203,0.48791295289993286,0.3963809609413147,-0.17429903149604797,0.49035897850990295,0.39355963468551636,-0.17438270151615143,0.4951140284538269,0.3915892243385315,-0.17441722750663757,0.4856812357902527,0.4136389493942261,-0.1813833862543106,0.503379762172699,0.39875319600105286,-0.15339802205562592,0.482393354177475,0.4102778136730194,-0.16638685762882233,0.48922276496887207,0.40341871976852417,-0.15820035338401794,0.476656973361969,0.4742949306964874,-0.1433839201927185,0.5210847854614258,0.41420990228652954,-0.09772692620754242,0.4705796241760254,0.5131902694702148,-0.07668851315975189,0.5495910048484802,0.40934401750564575,-0.014098535291850567,0.4699800908565521,0.4889914095401764,0.00037724588764831424,0.531788170337677,0.4158816933631897,0.03927389532327652,0.4671880304813385,0.4873410165309906,-0.0032270275987684727,0.5297794938087463,0.41489478945732117,0.04375973716378212,0.4723035395145416,0.47980180382728577,-0.012236006557941437,0.5262596607208252,0.4194810688495636,0.030072322115302086,0.47466978430747986,0.48023155331611633,-0.0017938729142770171,0.5254786610603333,0.42348402738571167,0.03640015795826912,0.5044053792953491,0.5228781700134277,-0.025752931833267212,0.5258485078811646,0.49272164702415466,0.025931116193532944,0.46423396468162537,0.4786384701728821,-0.03962790593504906,0.4949575364589691,0.43365758657455444,0.02872868813574314,0.45250314474105835,0.5321161150932312,0.04594571515917778,0.48691287636756897,0.5040044188499451,0.09417575597763062,0.453662246465683,0.544244110584259,0.054318834096193314,0.48723286390304565,0.521007776260376,0.1000358834862709,0.43901434540748596,0.5266810655593872,0.054445136338472366,0.47546491026878357,0.5005590319633484,0.09642580896615982
0533,./images/2/frame_00533.jpg,Fall,0.482374370098114,0.40057241916656494,-0.16675572097301483,0.4839872419834137,0.40162113308906555,-0.17759989202022552,0.4834650456905365,0.403808057308197,-0.17758381366729736,0.48304691910743713,0.4057917594909668,-0.17762333154678345,0.48644572496414185,0.3964616656303406,-0.17139261960983276,0.4878762364387512,0.3936997652053833,-0.17147523164749146,0.4902285635471344,0.3924099802970886,-0.17151519656181335,0.4853840470314026,0.4135711193084717,-0.18136146664619446,0.49713969230651855,0.39866751432418823,-0.1516771912574768,0.48172861337661743,0.4103630483150482,-0.16396954655647278,0.4880760610103607,0.40362608432769775,-0.15625253319740295,0.4767185151576996,0.47506290674209595,-0.14427450299263,0.5208014249801636,0.4136015474796295,-0.0944531187415123,0.47215643525123596,0.5116786360740662,-0.07766619324684143,0.5493736267089844,0.40910860896110535,-0.00754231121391058,0.4730769693851471,0.4887112081050873,0.0020383137743920088,0.5307396054267883,0.4204850196838379,0.04928332567214966,0.4709547460079193,0.4875278174877167,-0.0017108870670199394,0.5281192660331726,0.4185839295387268,0.05417614430189133,0.476020485162735,0.48036909103393555,-0.010462750680744648,0.5250044465065002,0.4207410514354706,0.040055375546216965,0.4780593812465668,0.4805377125740051,-0.00012742009130306542,0.524492621421814,0.4247745871543884,0.04619425907731056,0.5049312710762024,0.5229043364524841,-0.029072826728224754,0.525814950466156,0.4929553270339966,0.029228251427412033,0.46401357650756836,0.4784172773361206,-0.03618454188108444,0.49238449335098267,0.43175971508026123,0.02927463874220848,0.4511081278324127,0.5372552275657654,0.05069214105606079,0.4873349666595459,0.5047642588615417,0.10121792554855347,0.45233088731765747,0.5500706434249878,0.05936767905950546,0.4880249500274658,0.5214213728904724,0.10755632072687149,0.4367232322692871,0.5356975197792053,0.06036300212144852,0.4760410785675049,0.5042967796325684,0.10538607835769653
0534,./images/2/frame_00534.jpg,Fall,0.48127490282058716,0.40168148279190063,-0.16607145965099335,0.48283272981643677,0.4018493592739105,-0.17787766456604004,0.48246341943740845,0.4039713144302368,-0.1778573840856552,0.48215073347091675,0.40594151616096497,-0.17789681255817413,0.4849782884120941,0.39677396416664124,-0.17126987874507904,0.4861791729927063,0.39469388127326965,-0.17135187983512878,0.48790520429611206,0.39366960525512695,-0.17139139771461487,0.48480042815208435,0.4136037230491638,-0.18462756276130676,0.4948672652244568,0.3986952602863312,-0.15372751653194427,0.4810752868652344,0.4113337993621826,-0.16389641165733337,0.48703041672706604,0.40383610129356384,-0.1555432826280594,0.47679048776626587,0.4759391248226166,-0.14820054173469543,0.5201780796051025,0.4123745858669281,-0.09632788598537445,0.4712608754634857,0.5114712715148926,-0.08068104088306427,0.5493666529655457,0.408540815114975,-0.007952661253511906,0.47225815057754517,0.4888739287853241,0.00015324677224271,0.5304349660873413,0.4232601523399353,0.04905548691749573,0.4701756536960602,0.48781052231788635,-0.0038541604299098253,0.5274452567100525,0.42293447256088257,0.05344104766845703,0.47526493668556213,0.4807751178741455,-0.012599306181073189,0.5241851210594177,0.42639046907424927,0.038939736783504486,0.47735482454299927,0.4807969927787781,-0.002102798083797097,0.5238767266273499,0.429820716381073,0.045743003487586975,0.505537748336792,0.5230361223220825,-0.029385322704911232,0.5259160399436951,0.4931216239929199,0.029525354504585266,0.46266359090805054,0.47849422693252563,-0.032671064138412476,0.491987943649292,0.43515413999557495,0.03966711834073067,0.4500245451927185,0.5401071906089783,0.0561576671898365,0.48892149329185486,0.50507652759552,0.11110696941614151,0.4515036940574646,0.552667498588562,0.0651678740978241,0.4899282455444336,0.5210599303245544,0.11719174683094025,0.43530598282814026,0.5405482649803162,0.06657491624355316,0.47785109281539917,0.506041407585144,0.1153876930475235
0535,./images/2/frame_00535.jpg,Fall,0.4807773530483246,0.40281760692596436,-0.16617973148822784,0.4820908010005951,0.4025987386703491,-0.1784311980009079,0.48178237676620483,0.40465301275253296,-0.17840832471847534,0.4814574718475342,0.40661895275115967,-0.17844875156879425,0.48406291007995605,0.39755934476852417,-0.17182442545890808,0.48527297377586365,0.3959678113460541,-0.17190846800804138,0.4889791011810303,0.3935020864009857,-0.17194828391075134,0.4842278063297272,0.4138186573982239,-0.1879330277442932,0.4937590956687927,0.3987954556941986,-0.1579931229352951,0.4807249903678894,0.41247665882110596,-0.16491404175758362,0.48637470602989197,0.40453168749809265,-0.15642841160297394,0.47676244378089905,0.4769081175327301,-0.1532929241657257,0.5199025869369507,0.41243383288383484,-0.10248257964849472,0.47169819474220276,0.511425256729126,-0.08432884514331818,0.5493091344833374,0.40909144282341003,-0.009701327420771122,0.47316694259643555,0.4892645478248596,-0.002184480894356966,0.5322190523147583,0.42792558670043945,0.043044961988925934,0.47114992141723633,0.4884306490421295,-0.00628019031137228,0.5298729538917542,0.4286624491214752,0.04692744091153145,0.47614723443984985,0.4811539649963379,-0.01552310399711132,0.526674747467041,0.43304193019866943,0.033084169030189514,0.4783438742160797,0.48107385635375977,-0.0046361698769032955,0.5261913537979126,0.4361858069896698,0.039870183914899826,0.5058348178863525,0.5230432152748108,-0.02867646887898445,0.5260631442070007,0.4931946098804474,0.028812706470489502,0.46119317412376404,0.4780573546886444,-0.027068594470620155,0.493438720703125,0.43261024355888367,0.0461030974984169,0.4487687945365906,0.5396734476089478,0.06581002473831177,0.48942604660987854,0.5027679800987244,0.12284938246011734,0.4505770802497864,0.5521048903465271,0.07540058344602585,0.49136295914649963,0.5194898247718811,0.1298687756061554,0.43300360441207886,0.539979875087738,0.07812277972698212,0.47823652625083923,0.5022633075714111,0.13009370863437653
0536,./images/2/frame_00536.jpg,Fall,0.48099541664123535,0.4035208523273468,-0.17303261160850525,0.48211169242858887,0.40367209911346436,-0.1841573566198349,0.48175111413002014,0.4056936800479889,-0.18413272500038147,0.48137885332107544,0.40760675072669983,-0.184174582362175,0.48428598046302795,0.39845412969589233,-0.17738187313079834,0.4856317937374115,0.39711830019950867,-0.1774635761976242,0.4894251227378845,0.3935078978538513,-0.17749717831611633,0.48386073112487793,0.4143050014972687,-0.189978688955307,0.4957156777381897,0.3988666832447052,-0.15998540818691254,0.4808293879032135,0.4135317802429199,-0.17067091166973114,0.48570704460144043,0.40537574887275696,-0.16198112070560455,0.47724637389183044,0.4775424003601074,-0.15341149270534515,0.519717812538147,0.41265514492988586,-0.1030537486076355,0.4742356240749359,0.5131215453147888,-0.08419159799814224,0.5483542084693909,0.41135749220848083,-0.013146614655852318,0.47587308287620544,0.48936203122138977,-0.002693886635825038,0.5310429930686951,0.4331212043762207,0.04629955813288689,0.47394806146621704,0.48822203278541565,-0.006369882263243198,0.5290917158126831,0.432461678981781,0.05151324346661568,0.47890156507492065,0.4809878170490265,-0.01590903103351593,0.5258563160896301,0.4372562766075134,0.03843417391180992,0.4810307025909424,0.4811028242111206,-0.00524433609098196,0.5252861976623535,0.4408036470413208,0.043524228036403656,0.5058452486991882,0.5230435729026794,-0.027418315410614014,0.5261077880859375,0.49293017387390137,0.027539145201444626,0.46141114830970764,0.4776926636695862,-0.023175211623311043,0.49354442954063416,0.4322880506515503,0.044710006564855576,0.44903773069381714,0.5362198948860168,0.06861690431833267,0.49058595299720764,0.4992210268974304,0.12290938198566437,0.450800359249115,0.5489599704742432,0.0780162662267685,0.4928113520145416,0.5142843723297119,0.13036641478538513,0.4333066940307617,0.5321542024612427,0.07854582369327545,0.47946596145629883,0.49896952509880066,0.13122227787971497
0537,./images/2/frame_00537.jpg,Fall,0.4810158610343933,0.40499386191368103,-0.1818038523197174,0.48221534490585327,0.4046365022659302,-0.1922958791255951,0.48181432485580444,0.4065934419631958,-0.19227048754692078,0.48138633370399475,0.4084344208240509,-0.19231009483337402,0.4845919609069824,0.3993259370326996,-0.1861678510904312,0.4861345887184143,0.3981086313724518,-0.1862514615058899,0.48954254388809204,0.39391836524009705,-0.18628261983394623,0.48361119627952576,0.41494110226631165,-0.19532456994056702,0.496049165725708,0.3997189700603485,-0.16831861436367035,0.48091500997543335,0.414315789937973,-0.178342804312706,0.485598623752594,0.40641453862190247,-0.17049215734004974,0.47675442695617676,0.4702167510986328,-0.15724393725395203,0.5198465585708618,0.41590943932533264,-0.10942895710468292,0.4709587097167969,0.5165835618972778,-0.08525468409061432,0.5451021194458008,0.4338991940021515,-0.020667845383286476,0.47326117753982544,0.4913884401321411,-0.007754108402878046,0.5306746363639832,0.4459272623062134,0.043153733015060425,0.47160521149635315,0.4892016053199768,-0.01254079770296812,0.5291582942008972,0.4457981586456299,0.05000481754541397,0.4769061505794525,0.48171696066856384,-0.0227411650121212,0.525918185710907,0.4501633644104004,0.03639383986592293,0.4789351522922516,0.4820948839187622,-0.010659469291567802,0.5252703428268433,0.4530829191207886,0.04063347727060318,0.5058349370956421,0.5230791568756104,-0.025466635823249817,0.5261580348014832,0.4931888282299042,0.025588613003492355,0.4615606367588043,0.4776945412158966,-0.016879260540008545,0.49249085783958435,0.43506309390068054,0.04395120590925217,0.44918209314346313,0.5307126641273499,0.08405990898609161,0.4905318319797516,0.49868494272232056,0.13684412837028503,0.45091551542282104,0.5432180762290955,0.09450392425060272,0.49209603667259216,0.5141878128051758,0.1464538276195526,0.43344181776046753,0.5218392014503479,0.09435831010341644,0.4781199097633362,0.49854332208633423,0.14822973310947418
0538,./images/2/frame_00538.jpg,Fall,0.4811266362667084,0.4059763252735138,-0.18364892899990082,0.48228830099105835,0.4055717885494232,-0.19467014074325562,0.48186078667640686,0.4075622260570526,-0.19464334845542908,0.481383740901947,0.40987488627433777,-0.19468410313129425,0.48478370904922485,0.40022018551826477,-0.18837983906269073,0.48637762665748596,0.39871856570243835,-0.18846634030342102,0.48968881368637085,0.3945349454879761,-0.1885022670030594,0.4834730625152588,0.4159177243709564,-0.1980237513780594,0.4942700266838074,0.40050455927848816,-0.17019924521446228,0.4811089038848877,0.415097177028656,-0.18017008900642395,0.4856058657169342,0.4076951742172241,-0.17207017540931702,0.47678321599960327,0.473513126373291,-0.15897145867347717,0.5198832154273987,0.4159691333770752,-0.10939037799835205,0.4699360430240631,0.516056478023529,-0.08652636408805847,0.5447957515716553,0.43275779485702515,-0.020647583529353142,0.4725263714790344,0.49212053418159485,-0.007378573063760996,0.5303176641464233,0.4438531994819641,0.04197201877832413,0.47088879346847534,0.49044927954673767,-0.011960914358496666,0.5289905667304993,0.44450515508651733,0.04761870577931404,0.476248174905777,0.48297441005706787,-0.021990012377500534,0.525786280632019,0.44898122549057007,0.034000836312770844,0.47830647230148315,0.48307889699935913,-0.010194593109190464,0.5250653624534607,0.45175331830978394,0.0392267219722271,0.5058397650718689,0.5230172872543335,-0.025780346244573593,0.5262013077735901,0.49297305941581726,0.025910386815667152,0.46165770292282104,0.47761717438697815,-0.02330809086561203,0.48902735114097595,0.4379471242427826,0.04322486370801926,0.4493221640586853,0.5309814810752869,0.07991980761289597,0.4862806797027588,0.5004206895828247,0.12779441475868225,0.451044499874115,0.5433686971664429,0.08971178531646729,0.48739093542099,0.5155096054077148,0.13589665293693542,0.4335627555847168,0.5237767696380615,0.0873609334230423,0.4728633761405945,0.5001049041748047,0.1377083957195282
0539,./images/2/frame_00539.jpg,Fall,0.48126330971717834,0.4066527187824249,-0.18475830554962158,0.4821930527687073,0.4061577320098877,-0.19589172303676605,0.4816990792751312,0.4081532061100006,-0.19586631655693054,0.48109111189842224,0.41032901406288147,-0.19590815901756287,0.48476138710975647,0.400785356760025,-0.18966393172740936,0.4862828850746155,0.39909905195236206,-0.1897522211074829,0.4892895221710205,0.3953038156032562,-0.18978779017925262,0.4832296371459961,0.4166754484176636,-0.19987674057483673,0.49458998441696167,0.4009818732738495,-0.1723763644695282,0.4811674952507019,0.41588059067726135,-0.18148623406887054,0.48535972833633423,0.4085928201675415,-0.17346149682998657,0.4765504002571106,0.46949535608291626,-0.1638302356004715,0.5242305397987366,0.4156961143016815,-0.10970743000507355,0.46589598059654236,0.5165470242500305,-0.08875279873609543,0.5410731434822083,0.4405074119567871,-0.020161304622888565,0.46909910440444946,0.4948198199272156,-0.007359897252172232,0.5278121829032898,0.4541957974433899,0.04600087180733681,0.4676964282989502,0.49428287148475647,-0.01187446154654026,0.5273929834365845,0.4566994607448578,0.05249639227986336,0.47315502166748047,0.48710739612579346,-0.02220166102051735,0.5243855118751526,0.46039530634880066,0.03830590099096298,0.4750465452671051,0.4866384267807007,-0.010213099420070648,0.5233808755874634,0.4618736803531647,0.04307696595788002,0.5057912468910217,0.5233675241470337,-0.026108693331480026,0.5258524417877197,0.49442362785339355,0.02624877355992794,0.4617224633693695,0.4772759675979614,-0.02692173421382904,0.488189697265625,0.4387831687927246,0.04306258633732796,0.44944795966148376,0.5310027003288269,0.07692427933216095,0.48170414566993713,0.5051763653755188,0.13354496657848358,0.45112666487693787,0.5434402823448181,0.08731968700885773,0.48251715302467346,0.5198925733566284,0.14244897663593292,0.4336822032928467,0.5240730047225952,0.08549890667200089,0.46793851256370544,0.5041710138320923,0.1402236819267273
0540,./images/2/frame_00540.jpg,Fall,0.4813541769981384,0.4075637459754944,-0.18052290380001068,0.482043594121933,0.4070073068141937,-0.19195058941841125,0.48147279024124146,0.40898391604423523,-0.1919318288564682,0.48076358437538147,0.4110269248485565,-0.19197514653205872,0.48472920060157776,0.40156587958335876,-0.18606819212436676,0.48621827363967896,0.39970070123672485,-0.18616026639938354,0.48927274346351624,0.39571869373321533,-0.18619653582572937,0.4826338291168213,0.41746723651885986,-0.19905942678451538,0.4933696687221527,0.4016440808773041,-0.1741088330745697,0.481196790933609,0.41669896245002747,-0.17832347750663757,0.4853224754333496,0.4086867570877075,-0.17088834941387177,0.4756041467189789,0.4690279960632324,-0.1650819480419159,0.5228393077850342,0.41734835505485535,-0.1177307590842247,0.4629725515842438,0.5174288153648376,-0.0910215824842453,0.5414095520973206,0.4387179911136627,-0.0297192744910717,0.4624044895172119,0.5026328563690186,-0.007237093988806009,0.5278939604759216,0.44900181889533997,0.04408619925379753,0.45980286598205566,0.5041563510894775,-0.01179267093539238,0.5284284949302673,0.4505588114261627,0.05171307176351547,0.46455541253089905,0.4978521466255188,-0.021955037489533424,0.5255666375160217,0.4550461173057556,0.037435758858919144,0.4670218825340271,0.4966769814491272,-0.010092335753142834,0.5241800546646118,0.4571306109428406,0.04161851853132248,0.5047234892845154,0.5236525535583496,-0.022733744233846664,0.5254821181297302,0.4944702088832855,0.02286803349852562,0.4616425037384033,0.47735795378685,-0.014045106247067451,0.48968639969825745,0.437391996383667,0.0433080717921257,0.4502693712711334,0.528876781463623,0.10351844131946564,0.48946613073349,0.496915727853775,0.14778906106948853,0.45203477144241333,0.5404900312423706,0.1158660277724266,0.4912688732147217,0.5100321173667908,0.1586836576461792,0.43459635972976685,0.5222473740577698,0.11703719943761826,0.4771340787410736,0.4948876202106476,0.16017161309719086
0541,./images/2/frame_00541.jpg,Fall,0.4812694489955902,0.40979522466659546,-0.1675848364830017,0.4815557897090912,0.40896639227867126,-0.17950111627578735,0.48101282119750977,0.4111235737800598,-0.1794828325510025,0.4803329110145569,0.41305601596832275,-0.1795177310705185,0.4841938018798828,0.4037018120288849,-0.17454858124256134,0.48560112714767456,0.40198373794555664,-0.174640491604805,0.48867177963256836,0.39741337299346924,-0.1746862828731537,0.4820581376552582,0.419034868478775,-0.19134142994880676,0.4924241602420807,0.4029334485530853,-0.1720110923051834,0.48111987113952637,0.41846758127212524,-0.1673181653022766,0.4850131571292877,0.4095563292503357,-0.16115494072437286,0.47443947196006775,0.4691995084285736,-0.16256031394004822,0.5189976096153259,0.4180416464805603,-0.1151435598731041,0.4637838304042816,0.5171608328819275,-0.08967604488134384,0.5400320887565613,0.4388355314731598,-0.027399372309446335,0.4634813368320465,0.5005865693092346,-0.009851288981735706,0.5240648984909058,0.4474946856498718,0.04613307863473892,0.4612526297569275,0.5012394785881042,-0.014714570716023445,0.5232484936714172,0.44826215505599976,0.052159495651721954,0.46602994203567505,0.49468931555747986,-0.02435525320470333,0.5197321772575378,0.45244237780570984,0.038181036710739136,0.4683234691619873,0.49393048882484436,-0.012589742429554462,0.5187815427780151,0.45473140478134155,0.04317505657672882,0.5043007731437683,0.5237287282943726,-0.01967659406363964,0.5253986120223999,0.49451538920402527,0.01977861300110817,0.46116217970848083,0.4779685139656067,-0.0011514343786984682,0.4977496564388275,0.42897242307662964,0.04221469536423683,0.4506031572818756,0.5304635167121887,0.10249575227499008,0.4999847412109375,0.4866521954536438,0.14446812868118286,0.45263782143592834,0.5413015484809875,0.11381904780864716,0.5019348859786987,0.49941694736480713,0.15529097616672516,0.43564969301223755,0.5269578099250793,0.11780162155628204,0.4908517003059387,0.48468759655952454,0.16063624620437622
0542,./images/2/frame_00542.jpg,Fall,0.4813118875026703,0.41051003336906433,-0.16887317597866058,0.4814506471157074,0.409829705953598,-0.1806037425994873,0.4809095859527588,0.4122520089149475,-0.18058553338050842,0.48023486137390137,0.41411852836608887,-0.18062151968479156,0.4842199683189392,0.4045868217945099,-0.1751939356327057,0.48569226264953613,0.40291374921798706,-0.17528358101844788,0.4878687262535095,0.4004979133605957,-0.175323948264122,0.4819721579551697,0.419863224029541,-0.19093136489391327,0.49225935339927673,0.403678297996521,-0.1707475781440735,0.4811473786830902,0.4199479818344116,-0.16782322525978088,0.48501524329185486,0.4104671776294708,-0.1613108217716217,0.47391194105148315,0.46940529346466064,-0.16073603928089142,0.5171560049057007,0.4183576703071594,-0.1179901584982872,0.4640159010887146,0.5161816477775574,-0.08928336948156357,0.5405213236808777,0.42613962292671204,-0.03236471861600876,0.46344518661499023,0.4998968243598938,-0.013073092326521873,0.5236556529998779,0.44307008385658264,0.038172539323568344,0.46125778555870056,0.5000169277191162,-0.01824004575610161,0.5224162340164185,0.4419994056224823,0.042438458651304245,0.46575960516929626,0.4934241473674774,-0.027478089556097984,0.5187209844589233,0.4456818997859955,0.02879682183265686,0.468000590801239,0.493002325296402,-0.01568799465894699,0.5178831815719604,0.4485969543457031,0.03513071686029434,0.5038548707962036,0.5239286422729492,-0.017691414803266525,0.5253601670265198,0.4944739043712616,0.017785610631108284,0.46077847480773926,0.48108240962028503,0.008560636080801487,0.5006028413772583,0.42625299096107483,0.045519810169935226,0.4511702060699463,0.5305507779121399,0.11461552232503891,0.5018974542617798,0.48155292868614197,0.15419377386569977,0.4533982276916504,0.541828453540802,0.12620046734809875,0.5036137700080872,0.4943602383136749,0.16568993031978607,0.4393277168273926,0.5281655192375183,0.13128234446048737,0.4927713871002197,0.47817379236221313,0.17344406247138977
0543,./images/2/frame_00543.jpg,Fall,0.48156261444091797,0.410194993019104,-0.14700248837471008,0.4813668727874756,0.4098946750164032,-0.15906044840812683,0.4806745946407318,0.4124611020088196,-0.15903323888778687,0.4798925518989563,0.41440916061401367,-0.15903659164905548,0.4842863976955414,0.404384583234787,-0.156573086977005,0.4857937693595886,0.40272870659828186,-0.1566741168498993,0.4878140091896057,0.4007112681865692,-0.15674497187137604,0.48098406195640564,0.4202858507633209,-0.1704842746257782,0.49218496680259705,0.4036961495876312,-0.1609799563884735,0.48116737604141235,0.4200122356414795,-0.1463036686182022,0.48513007164001465,0.41164740920066833,-0.14316505193710327,0.47332897782325745,0.46955931186676025,-0.1355806142091751,0.5174611806869507,0.4186549782752991,-0.11636431515216827,0.462218701839447,0.5099518895149231,-0.07272864133119583,0.5410094857215881,0.4198501706123352,-0.029659364372491837,0.46381300687789917,0.49339157342910767,-0.015266170725226402,0.5197426080703735,0.42444247007369995,0.044723670929670334,0.4623684883117676,0.49244752526283264,-0.021001694723963737,0.5170252323150635,0.4204947054386139,0.04876101762056351,0.4670383036136627,0.48635250329971313,-0.030559247359633446,0.507866621017456,0.4228357970714569,0.03426202014088631,0.4690183699131012,0.48581284284591675,-0.018526099622249603,0.5113714933395386,0.4293586313724518,0.04140780121088028,0.5017898678779602,0.5234108567237854,-0.009220859035849571,0.5269287824630737,0.4951264560222626,0.009251672774553299,0.4568209648132324,0.4811852276325226,0.011555630713701248,0.506449818611145,0.40872082114219666,0.021446319296956062,0.45082324743270874,0.5306383967399597,0.09975559264421463,0.5084932446479797,0.46016621589660645,0.13062410056591034,0.45328301191329956,0.5398145318031311,0.11019986867904663,0.5092611908912659,0.4721483886241913,0.1430535912513733,0.43950754404067993,0.531769871711731,0.1143675297498703,0.5034021139144897,0.4561847150325775,0.16210047900676727
0544,./images/2/frame_00544.jpg,Fall,0.48132723569869995,0.4101416766643524,-0.14305704832077026,0.48103609681129456,0.4115404784679413,-0.15634694695472717,0.4803103506565094,0.4137372374534607,-0.15631964802742004,0.4795462191104889,0.41565412282943726,-0.1563325673341751,0.48404794931411743,0.4054546654224396,-0.15203092992305756,0.4854707717895508,0.40377575159072876,-0.1521238088607788,0.4871175289154053,0.4021197557449341,-0.15218031406402588,0.4807218015193939,0.42086341977119446,-0.1735614687204361,0.4914326071739197,0.4042307436466217,-0.1558985412120819,0.4811529517173767,0.42118626832962036,-0.14498621225357056,0.48507267236709595,0.41190651059150696,-0.13954982161521912,0.47349920868873596,0.46966299414634705,-0.14352399110794067,0.5171641111373901,0.41743648052215576,-0.11100135743618011,0.46281448006629944,0.510084331035614,-0.07297057658433914,0.5399399995803833,0.4170040190219879,-0.024519843980669975,0.4635099768638611,0.49342548847198486,-0.013936174102127552,0.516845166683197,0.42054226994514465,0.04896371811628342,0.4620698094367981,0.49273210763931274,-0.019323289394378662,0.5145710706710815,0.41756004095077515,0.0534914955496788,0.46662217378616333,0.4863762855529785,-0.028857428580522537,0.5094407796859741,0.4211242198944092,0.03947602957487106,0.4684290885925293,0.48575589060783386,-0.016954593360424042,0.5096768140792847,0.4251757860183716,0.04568105936050415,0.5020434856414795,0.523425281047821,-0.012032518163323402,0.5275652408599854,0.49528855085372925,0.012169810943305492,0.4571802020072937,0.4809989631175995,0.0007466553943231702,0.5041226148605347,0.4109194576740265,0.028834590688347816,0.45026659965515137,0.5313243269920349,0.08634643256664276,0.5053695440292358,0.4697865843772888,0.12442958354949951,0.4530448317527771,0.5401892066001892,0.09569146484136581,0.5065735578536987,0.4830045998096466,0.1342419534921646,0.4383018910884857,0.5338041186332703,0.10081549733877182,0.49848246574401855,0.46767809987068176,0.1428050398826599
0545,./images/2/frame_00545.jpg,Fall,0.4803672432899475,0.4163927435874939,-0.19401641190052032,0.4800991117954254,0.4154280424118042,-0.20521262288093567,0.47950586676597595,0.417071670293808,-0.2052004337310791,0.4788072109222412,0.4186979830265045,-0.2052491158246994,0.48253655433654785,0.40687549114227295,-0.1998938024044037,0.4839842915534973,0.4051498770713806,-0.1999794840812683,0.4854198098182678,0.4035215675830841,-0.2000149041414261,0.48053866624832153,0.4226391315460205,-0.2070387899875641,0.490471750497818,0.4059307873249054,-0.18391820788383484,0.4806501865386963,0.4242660105228424,-0.18934130668640137,0.48317819833755493,0.415090948343277,-0.18256735801696777,0.4736379086971283,0.469693124294281,-0.16864027082920074,0.5172358751296997,0.4173237979412079,-0.12429116666316986,0.46213021874427795,0.5169398784637451,-0.09639278799295425,0.5404584407806396,0.4253283143043518,-0.03376014530658722,0.4627750813961029,0.501169741153717,-0.01377789955586195,0.5246748924255371,0.4378020465373993,0.04380301386117935,0.46111640334129333,0.5015552043914795,-0.01817995123565197,0.5243088006973267,0.4384724199771881,0.050927795469760895,0.465317964553833,0.49590957164764404,-0.02774597704410553,0.5219942331314087,0.44305220246315,0.038038160651922226,0.46727386116981506,0.49488478899002075,-0.01630755327641964,0.5212016701698303,0.4450525641441345,0.0422869436442852,0.5044476985931396,0.5235361456871033,-0.012920612469315529,0.5275222659111023,0.493088036775589,0.013031335547566414,0.4606532156467438,0.4815114736557007,0.00917598232626915,0.5012694597244263,0.4270930886268616,0.06415431201457977,0.45369547605514526,0.529480516910553,0.1286979615688324,0.5038551092147827,0.47143012285232544,0.17730481922626495,0.45618897676467896,0.5395326018333435,0.14136505126953125,0.5058303475379944,0.48753464221954346,0.18927794694900513,0.43848761916160583,0.5247097611427307,0.14408226311206818,0.49164944887161255,0.47162047028541565,0.1935613453388214
0546,./images/2/frame_00546.jpg,Fall,0.4797515273094177,0.4179820120334625,-0.1882195621728897,0.4792730212211609,0.4164867699146271,-0.199351504445076,0.4786636233329773,0.41817706823349,-0.1993289589881897,0.4780910015106201,0.41974708437919617,-0.19936898350715637,0.4814707338809967,0.4094078838825226,-0.1933371126651764,0.482652485370636,0.40751686692237854,-0.19341781735420227,0.4839538037776947,0.4056992530822754,-0.19344916939735413,0.47990792989730835,0.4235052764415741,-0.2024202048778534,0.4887866973876953,0.40682128071784973,-0.1764385998249054,0.4800058901309967,0.4253941774368286,-0.18445120751857758,0.4824393391609192,0.4193230867385864,-0.17663529515266418,0.4742318093776703,0.469775527715683,-0.16667917370796204,0.5149486064910889,0.4167420566082001,-0.119868203997612,0.46413248777389526,0.5168179273605347,-0.09423306584358215,0.5404538512229919,0.4239455461502075,-0.021898213773965836,0.46776682138442993,0.4985315501689911,-0.010069986805319786,0.5244267582893372,0.4451448619365692,0.05341506004333496,0.4676511883735657,0.49800369143486023,-0.012983771972358227,0.5234466791152954,0.4479004442691803,0.062077634036540985,0.47154855728149414,0.49314939975738525,-0.02216772362589836,0.5218341946601868,0.45404917001724243,0.04824583977460861,0.4728289246559143,0.49231642484664917,-0.012132666073739529,0.5210469961166382,0.4553060829639435,0.05108875036239624,0.5049662590026855,0.5237993597984314,-0.02276628464460373,0.5269986391067505,0.49153196811676025,0.022882498800754547,0.46141862869262695,0.4815859794616699,-0.01722445897758007,0.49365368485450745,0.4323836863040924,0.0559697225689888,0.4534495770931244,0.5356743931770325,0.08093630522489548,0.4922715127468109,0.4955581724643707,0.15936334431171417,0.45577651262283325,0.5479738712310791,0.09109913557767868,0.4943265914916992,0.510260283946991,0.17521730065345764,0.4380987286567688,0.5306951999664307,0.09276019036769867,0.47921067476272583,0.4974672198295593,0.19082382321357727
0547,./images/2/frame_00547.jpg,Fall,0.47900980710983276,0.41917288303375244,-0.1761423796415329,0.47861528396606445,0.4174546003341675,-0.1879187971353531,0.47808903455734253,0.41903969645500183,-0.1878751814365387,0.47761744260787964,0.420767217874527,-0.1879030168056488,0.48074865341186523,0.4113610088825226,-0.17997626960277557,0.4819420278072357,0.4092434346675873,-0.18003836274147034,0.4830077290534973,0.40750956535339355,-0.18005400896072388,0.47956281900405884,0.4242503345012665,-0.19569265842437744,0.4879154562950134,0.4078502357006073,-0.16232839226722717,0.47951632738113403,0.42624321579933167,-0.17458269000053406,0.48190727829933167,0.42106950283050537,-0.16407638788223267,0.4743778109550476,0.47002121806144714,-0.16394129395484924,0.5131489634513855,0.4167378842830658,-0.10203999280929565,0.4657885432243347,0.5159028172492981,-0.09392781555652618,0.5339065790176392,0.43077611923217773,-0.008002392947673798,0.47054070234298706,0.49227502942085266,-0.009294459596276283,0.5186935663223267,0.45279189944267273,0.06412266194820404,0.4708264470100403,0.49049699306488037,-0.011728333309292793,0.5171941518783569,0.4567348062992096,0.07459251582622528,0.47504281997680664,0.48454105854034424,-0.020443681627511978,0.5155015587806702,0.4624636769294739,0.06044153496623039,0.4758673310279846,0.48415035009384155,-0.011185466311872005,0.5153158903121948,0.4627276659011841,0.06155813857913017,0.5061951279640198,0.5236705541610718,-0.029381688684225082,0.525621771812439,0.49140632152557373,0.02951040491461754,0.46240395307540894,0.4808216989040375,-0.032251305878162384,0.4854763150215149,0.4422972798347473,0.051596611738204956,0.4533659517765045,0.5390791893005371,0.047515131533145905,0.47513899207115173,0.5167267322540283,0.12133388221263885,0.45559507608413696,0.5527245998382568,0.055853117257356644,0.4763466417789459,0.5321251153945923,0.12855264544487,0.43847599625587463,0.5364231467247009,0.05654892325401306,0.45999154448509216,0.5189067125320435,0.1284385621547699
0548,./images/2/frame_00548.jpg,Fall,0.47863832116127014,0.4203280210494995,-0.16878367960453033,0.4781903326511383,0.41854527592658997,-0.1812324821949005,0.47770270705223083,0.4200029969215393,-0.18119286000728607,0.47727903723716736,0.4217292070388794,-0.18122565746307373,0.480189710855484,0.4131145477294922,-0.17327234148979187,0.48110586404800415,0.41122907400131226,-0.17333921790122986,0.48222455382347107,0.4094085395336151,-0.17335844039916992,0.4792320728302002,0.4247952401638031,-0.19351008534431458,0.4868454933166504,0.40930354595184326,-0.1579476296901703,0.479350745677948,0.42729175090789795,-0.16865988075733185,0.4816613793373108,0.42232492566108704,-0.15802094340324402,0.4753946363925934,0.47006937861442566,-0.16548095643520355,0.5124422311782837,0.4167408049106598,-0.09736190736293793,0.46756991744041443,0.5142101645469666,-0.09768449515104294,0.5284260511398315,0.43718597292900085,-0.005862855352461338,0.4714723527431488,0.492023766040802,-0.010363536886870861,0.5146578550338745,0.4626300036907196,0.06364484131336212,0.4714277684688568,0.4906602203845978,-0.012480446137487888,0.5132050514221191,0.46798011660575867,0.07446782290935516,0.4755776822566986,0.4845010042190552,-0.02096044458448887,0.511660099029541,0.4733075797557831,0.05978389456868172,0.47648531198501587,0.48406609892845154,-0.01181747391819954,0.5116077065467834,0.47270312905311584,0.06078421324491501,0.5067904591560364,0.5236108303070068,-0.03241385519504547,0.5240322947502136,0.4915463626384735,0.032542649656534195,0.46335524320602417,0.48173078894615173,-0.03235089033842087,0.48229002952575684,0.4471450448036194,0.04943617433309555,0.4533102512359619,0.542683482170105,0.04440760985016823,0.4667457640171051,0.523725152015686,0.1164083257317543,0.45532017946243286,0.5570659041404724,0.05228095501661301,0.4672653079032898,0.5400123000144958,0.1229676827788353,0.43864887952804565,0.5385915637016296,0.05002626031637192,0.4502437114715576,0.5240023136138916,0.1197856068611145
0549,./images/2/frame_00549.jpg,Fall,0.4783918261528015,0.4223484396934509,-0.1635800302028656,0.4779478907585144,0.4197618365287781,-0.17597100138664246,0.47757697105407715,0.4213405251502991,-0.17593201994895935,0.47719550132751465,0.42285317182540894,-0.17596569657325745,0.4797127842903137,0.41487228870391846,-0.16796816885471344,0.48047685623168945,0.41318508982658386,-0.16803500056266785,0.4815698266029358,0.41140884160995483,-0.16805323958396912,0.47926396131515503,0.42549994587898254,-0.18962667882442474,0.4871327877044678,0.41093191504478455,-0.15278849005699158,0.4792478680610657,0.4286627173423767,-0.1641363501548767,0.481279194355011,0.423797070980072,-0.15340252220630646,0.47619110345840454,0.4700377583503723,-0.16484157741069794,0.5121797919273376,0.41691169142723083,-0.09432010352611542,0.47296279668807983,0.5120158195495605,-0.09864968806505203,0.5297888517379761,0.4409956634044647,-0.008416025899350643,0.4760219156742096,0.4921610653400421,-0.010366866365075111,0.5169872045516968,0.46918174624443054,0.0579925961792469,0.4759610593318939,0.4907645285129547,-0.012237828224897385,0.5156027674674988,0.47569483518600464,0.06737183779478073,0.47975030541419983,0.4850137531757355,-0.019249066710472107,0.5132524371147156,0.4808778464794159,0.0528804250061512,0.4804839491844177,0.48450011014938354,-0.011665018275380135,0.5131145715713501,0.4795658588409424,0.055200450122356415,0.5073274970054626,0.5235987901687622,-0.03390433266758919,0.523013710975647,0.49171194434165955,0.03402990847826004,0.4636688828468323,0.4822685718536377,-0.04074632748961449,0.47984567284584045,0.4504658877849579,0.03854767978191376,0.453214555978775,0.5467773079872131,0.02588820829987526,0.46284064650535583,0.5297011733055115,0.09478218108415604,0.45514559745788574,0.5616480112075806,0.03249026834964752,0.4631810188293457,0.5462710857391357,0.09982497245073318,0.43874794244766235,0.5397041440010071,0.027553215622901917,0.44609761238098145,0.5305121541023254,0.09377827495336533
0550,./images/2/frame_00550.jpg,Fall,0.4780702590942383,0.42413729429244995,-0.1724461168050766,0.47770270705223083,0.42178675532341003,-0.1835279017686844,0.47739434242248535,0.4231298267841339,-0.1834978461265564,0.47707119584083557,0.42448222637176514,-0.18353985249996185,0.4792103171348572,0.4167044460773468,-0.17543219029903412,0.4797590374946594,0.4149917960166931,-0.1754905730485916,0.48080888390541077,0.41334131360054016,-0.17550411820411682,0.47930416464805603,0.42681771516799927,-0.19248293340206146,0.48749881982803345,0.4130238890647888,-0.1561889350414276,0.47912827134132385,0.4300804138183594,-0.17124739289283752,0.4810178875923157,0.42568057775497437,-0.1605212390422821,0.4762803614139557,0.47026604413986206,-0.16538426280021667,0.5121256113052368,0.4178547263145447,-0.09898586571216583,0.47591477632522583,0.512037456035614,-0.09960590302944183,0.5299614667892456,0.4455496370792389,-0.02009660191833973,0.48444756865501404,0.49697330594062805,-0.014272572472691536,0.5180549025535583,0.477263480424881,0.04012385755777359,0.4859488606452942,0.4959620237350464,-0.015854762867093086,0.5165117979049683,0.48451507091522217,0.04967883974313736,0.4897173345088959,0.4914403557777405,-0.023468516767024994,0.5145254731178284,0.48951810598373413,0.036626316606998444,0.49004706740379333,0.4909196197986603,-0.015913065522909164,0.5144612193107605,0.48785528540611267,0.03761306032538414,0.5087288022041321,0.5232804417610168,-0.031826458871364594,0.5225605964660645,0.49172836542129517,0.03194187581539154,0.4641304016113281,0.48591962456703186,-0.02820393443107605,0.4817012846469879,0.4491211771965027,0.0539349690079689,0.4514027237892151,0.546147882938385,0.0518311969935894,0.4705740809440613,0.5216051936149597,0.1204836517572403,0.4529031813144684,0.5611515641212463,0.06027911230921745,0.47180360555648804,0.5367579460144043,0.12526284158229828,0.4380916655063629,0.5391013026237488,0.05666479468345642,0.45482754707336426,0.5223376154899597,0.11467261612415314
0551,./images/2/frame_00551.jpg,Fall,0.47793635725975037,0.4239524006843567,-0.16114166378974915,0.47737011313438416,0.4219059348106384,-0.1725655198097229,0.47702327370643616,0.4233304262161255,-0.1725338250398636,0.4766860902309418,0.4247645437717438,-0.17256847023963928,0.4789811670780182,0.4166496694087982,-0.16557225584983826,0.47966593503952026,0.41492053866386414,-0.16563278436660767,0.4803118109703064,0.41384658217430115,-0.16565494239330292,0.47888249158859253,0.4275779724121094,-0.18389315903186798,0.4873109757900238,0.41363412141799927,-0.15195660293102264,0.4790009558200836,0.430101215839386,-0.1612251102924347,0.4810401499271393,0.425462007522583,-0.15183879435062408,0.47629866003990173,0.4707903563976288,-0.15922397375106812,0.5121228694915771,0.4182426929473877,-0.096930131316185,0.47526097297668457,0.5113623738288879,-0.08960571885108948,0.529853880405426,0.44594183564186096,-0.016904553398489952,0.4823033809661865,0.49682971835136414,-0.003980925772339106,0.5181459784507751,0.4769178032875061,0.040325336158275604,0.4831139147281647,0.49587470293045044,-0.005357018206268549,0.5168066024780273,0.4836948812007904,0.05360473319888115,0.48736658692359924,0.4910942614078522,-0.01294725388288498,0.5148619413375854,0.4888938069343567,0.03998745232820511,0.4877901077270508,0.4905738830566406,-0.005709187127649784,0.5147684812545776,0.4872194826602936,0.037840522825717926,0.508402407169342,0.5233364701271057,-0.032316096127033234,0.5226234793663025,0.4918135702610016,0.03240977227687836,0.46399182081222534,0.4893479347229004,-0.03165040165185928,0.48103293776512146,0.44803309440612793,0.05099903792142868,0.45146092772483826,0.545570969581604,0.04019023850560188,0.46905913949012756,0.5248997211456299,0.11690700054168701,0.4516216218471527,0.5650687217712402,0.04722371697425842,0.47039395570755005,0.5402026176452637,0.12246637046337128,0.43276000022888184,0.5425095558166504,0.03932056948542595,0.45314574241638184,0.5283453464508057,0.11534383147954941
0552,./images/2/frame_00552.jpg,Fall,0.47769880294799805,0.42462530732154846,-0.1745610386133194,0.47705355286598206,0.42272600531578064,-0.1848125159740448,0.4766976833343506,0.4241965711116791,-0.18478921055793762,0.4763590693473816,0.4256684482097626,-0.18483135104179382,0.4785614609718323,0.41739422082901,-0.1786893755197525,0.4795343279838562,0.41564279794692993,-0.17875534296035767,0.4804951250553131,0.4141380786895752,-0.1787816286087036,0.47844940423965454,0.42871084809303284,-0.18889975547790527,0.4876018464565277,0.4144376516342163,-0.1608443558216095,0.4788232445716858,0.43088850378990173,-0.17159393429756165,0.4808804392814636,0.42574599385261536,-0.1634063869714737,0.475604772567749,0.472504198551178,-0.15939179062843323,0.5120986104011536,0.4187363386154175,-0.10549646615982056,0.473949134349823,0.5131295919418335,-0.09140350669622421,0.5307556390762329,0.446878045797348,-0.027423784136772156,0.47992977499961853,0.49867579340934753,-0.014582999050617218,0.5183629989624023,0.4783712923526764,0.03380182757973671,0.48037320375442505,0.49769750237464905,-0.017466794699430466,0.5170736908912659,0.48494502902030945,0.04253748059272766,0.48456043004989624,0.49258875846862793,-0.024467680603265762,0.5158501863479614,0.490530788898468,0.029894638806581497,0.4853610098361969,0.49198460578918457,-0.016305098310112953,0.515553891658783,0.48936042189598083,0.03151701018214226,0.5082436800003052,0.5233728885650635,-0.0318874754011631,0.5216995477676392,0.4918314516544342,0.03195404261350632,0.46422237157821655,0.4933783710002899,-0.0012906056363135576,0.4825975000858307,0.4509333670139313,0.0659748837351799,0.4490586221218109,0.547280490398407,0.0856933668255806,0.4713500440120697,0.5207011699676514,0.1528979241847992,0.44990968704223633,0.5638571381568909,0.09438572078943253,0.4725228250026703,0.5355039834976196,0.16144022345542908,0.42950311303138733,0.5392653942108154,0.08797502517700195,0.450425922870636,0.5216640830039978,0.1596989780664444
0553,./images/2/frame_00553.jpg,Fall,0.4768417477607727,0.42387592792510986,-0.17137399315834045,0.4767235219478607,0.42235231399536133,-0.1816311627626419,0.47639450430870056,0.424146831035614,-0.18161119520664215,0.4760209918022156,0.4256783425807953,-0.18165601789951324,0.4783414304256439,0.41742679476737976,-0.1766079217195511,0.47943323850631714,0.41566526889801025,-0.1766764223575592,0.4805296063423157,0.41400566697120667,-0.1767115592956543,0.47796258330345154,0.42905595898628235,-0.18777616322040558,0.48765426874160767,0.414724737405777,-0.16172023117542267,0.4787081778049469,0.4309335947036743,-0.16873496770858765,0.4806674122810364,0.42577967047691345,-0.16200637817382812,0.47530102729797363,0.4731592535972595,-0.15909084677696228,0.512380063533783,0.42017948627471924,-0.11067358404397964,0.4737411439418793,0.5184735059738159,-0.09158295392990112,0.5308364629745483,0.4508973956108093,-0.03122742474079132,0.4776344895362854,0.5015336871147156,-0.016932319849729538,0.5188014507293701,0.4810467064380646,0.03428102284669876,0.47659868001937866,0.5007558465003967,-0.020118581131100655,0.5187464952468872,0.48727044463157654,0.042022593319416046,0.4815010130405426,0.494601309299469,-0.026471015065908432,0.5172485709190369,0.49257680773735046,0.030023986473679543,0.48303818702697754,0.49395331740379333,-0.01838541589677334,0.516512393951416,0.4915975332260132,0.03211116045713425,0.5077203512191772,0.5239627957344055,-0.028101224452257156,0.5217839479446411,0.4936264753341675,0.02814801037311554,0.46468162536621094,0.495596319437027,0.02432037517428398,0.4836278557777405,0.4559231102466583,0.0759475976228714,0.4485352635383606,0.5464584827423096,0.12781928479671478,0.4722518026828766,0.5190225839614868,0.18035069108009338,0.4495852589607239,0.5619868040084839,0.1386239230632782,0.47349613904953003,0.5331795811653137,0.1909644454717636,0.4295886158943176,0.5346500277519226,0.1344575434923172,0.45292502641677856,0.518702507019043,0.18835626542568207
0554,./images/2/frame_00554.jpg,Fall,0.4770382046699524,0.4233773946762085,-0.17088375985622406,0.476701021194458,0.42182159423828125,-0.18098223209381104,0.4762576222419739,0.42360204458236694,-0.180965393781662,0.47577208280563354,0.42516183853149414,-0.18101172149181366,0.4785691201686859,0.41676953434944153,-0.17605961859226227,0.47967785596847534,0.41501086950302124,-0.17612749338150024,0.4807043671607971,0.41337403655052185,-0.17616429924964905,0.4774363934993744,0.42904725670814514,-0.18699249625205994,0.4870334565639496,0.4141652286052704,-0.16160951554775238,0.4785633981227875,0.4304523169994354,-0.16797193884849548,0.48059019446372986,0.4251982271671295,-0.16140469908714294,0.47499194741249084,0.4735508859157562,-0.15835830569267273,0.5124281644821167,0.4207867383956909,-0.10935578495264053,0.47146710753440857,0.5195879936218262,-0.09151311218738556,0.5304291844367981,0.45287370681762695,-0.027958940714597702,0.4771057963371277,0.5024387240409851,-0.015987250953912735,0.5190351605415344,0.4828217327594757,0.03783440962433815,0.47632646560668945,0.501708447933197,-0.019213447347283363,0.519045352935791,0.48921558260917664,0.045804377645254135,0.48123878240585327,0.49549734592437744,-0.026156172156333923,0.51753169298172,0.4941291809082031,0.03343214467167854,0.4826624393463135,0.4948245882987976,-0.017626669257879257,0.51662677526474,0.49301254749298096,0.03555376082658768,0.5071897506713867,0.5246319770812988,-0.02699257805943489,0.5219220519065857,0.4947453737258911,0.02704494632780552,0.46463555097579956,0.49684903025627136,0.021082263439893723,0.4839502274990082,0.4550116956233978,0.07776828855276108,0.448306143283844,0.5463300347328186,0.12224437296390533,0.47352638840675354,0.517744243144989,0.17922380566596985,0.44952455163002014,0.5611931085586548,0.13265618681907654,0.4747855067253113,0.5318582653999329,0.18937967717647552,0.42960768938064575,0.5334584712982178,0.12768808007240295,0.45589083433151245,0.5172609686851501,0.1868615448474884
0555,./images/2/frame_00555.jpg,Fall,0.47731709480285645,0.4226740002632141,-0.18250949680805206,0.47681570053100586,0.4216369688510895,-0.192510187625885,0.47632384300231934,0.423299103975296,-0.1924929916858673,0.4758059084415436,0.4248571991920471,-0.19253535568714142,0.4787229597568512,0.4167191684246063,-0.18785223364830017,0.4797893166542053,0.41489356756210327,-0.18792405724525452,0.48073092103004456,0.41328147053718567,-0.1879597306251526,0.47731900215148926,0.4288630187511444,-0.1944618821144104,0.4868384897708893,0.4139125943183899,-0.17341472208499908,0.47857409715652466,0.43017569184303284,-0.17812636494636536,0.481011301279068,0.4250433146953583,-0.17206014692783356,0.47471317648887634,0.4734817147254944,-0.16003285348415375,0.513337254524231,0.42121976613998413,-0.1182883232831955,0.467599481344223,0.520645797252655,-0.0915323793888092,0.5301660895347595,0.4553541839122772,-0.03516266122460365,0.4714461863040924,0.5040103793144226,-0.016250045970082283,0.5191444158554077,0.48421379923820496,0.03400934860110283,0.4701821804046631,0.5036229491233826,-0.01979200169444084,0.5198893547058105,0.490062415599823,0.041006654500961304,0.4753492772579193,0.4973355531692505,-0.026918169111013412,0.5182803273200989,0.49489715695381165,0.029873650521039963,0.47723445296287537,0.4965435564517975,-0.017873799428343773,0.5170451402664185,0.49403131008148193,0.0322519987821579,0.505359411239624,0.524703323841095,-0.02315996028482914,0.5219964981079102,0.4951818585395813,0.023201292380690575,0.46480926871299744,0.5002911686897278,0.046411529183387756,0.4888053834438324,0.4564574062824249,0.09526830166578293,0.4482324719429016,0.5461657643318176,0.16719311475753784,0.4802132248878479,0.5137151479721069,0.21593740582466125,0.4492880702018738,0.5606075525283813,0.17997029423713684,0.4817623198032379,0.526123583316803,0.22850552201271057,0.42992812395095825,0.5327090620994568,0.1763228178024292,0.4650270938873291,0.5089094638824463,0.22759179770946503
0556,./images/2/frame_00556.jpg,Fall,0.4771210253238678,0.4226515591144562,-0.16895227134227753,0.47647279500961304,0.4218396842479706,-0.17924615740776062,0.47602319717407227,0.42339614033699036,-0.17922456562519073,0.47562018036842346,0.4252185523509979,-0.17926311492919922,0.47793692350387573,0.4170427620410919,-0.17357204854488373,0.47895607352256775,0.41532468795776367,-0.1736377328634262,0.4799352288246155,0.41370323300361633,-0.17366887629032135,0.4773775041103363,0.4289102256298065,-0.18548867106437683,0.4866155982017517,0.41425567865371704,-0.1598450392484665,0.47847700119018555,0.4304632544517517,-0.16677221655845642,0.4802481532096863,0.4257207214832306,-0.15930864214897156,0.4752771258354187,0.47280555963516235,-0.15596625208854675,0.512539267539978,0.42108508944511414,-0.10537053644657135,0.47082948684692383,0.5198655128479004,-0.0890103429555893,0.5257628560066223,0.45300787687301636,-0.03127099946141243,0.4749026894569397,0.5031652450561523,-0.01193535141646862,0.5158986449241638,0.48208099603652954,0.03635132685303688,0.4743959307670593,0.502738356590271,-0.014355897903442383,0.5157469511032104,0.48834869265556335,0.04414404556155205,0.4792799949645996,0.49654218554496765,-0.02111758291721344,0.5141327381134033,0.4931964874267578,0.03217066451907158,0.4804116189479828,0.4957854747772217,-0.013411221094429493,0.5134701728820801,0.4920092821121216,0.034218959510326385,0.5055989623069763,0.524664580821991,-0.026114951819181442,0.5211893916130066,0.49512752890586853,0.026171689853072166,0.4647849500179291,0.4977819323539734,-0.004301796667277813,0.4843288064002991,0.4544141888618469,0.0730857104063034,0.447659432888031,0.5486828088760376,0.07620280981063843,0.47290340065956116,0.5200558304786682,0.14877702295780182,0.4489043653011322,0.5635890364646912,0.08416490256786346,0.47420352697372437,0.5342991352081299,0.15616494417190552,0.4289964735507965,0.5353749394416809,0.07520302385091782,0.45687708258628845,0.5200732946395874,0.15187205374240875
0557,./images/2/frame_00557.jpg,Fall,0.4767390787601471,0.42541423439979553,-0.1409204751253128,0.47603392601013184,0.42352432012557983,-0.15255773067474365,0.47571951150894165,0.42470693588256836,-0.15253125131130219,0.47541874647140503,0.4261045753955841,-0.15256530046463013,0.47700995206832886,0.41951701045036316,-0.14540113508701324,0.4778783917427063,0.41795021295547485,-0.14545752108097076,0.478748083114624,0.41639477014541626,-0.14548440277576447,0.4774583876132965,0.42903897166252136,-0.16746680438518524,0.485454261302948,0.41574108600616455,-0.13470716774463654,0.4783012270927429,0.431588739156723,-0.14253638684749603,0.4799264073371887,0.427644819021225,-0.13295361399650574,0.4775930345058441,0.47018054127693176,-0.1466137021780014,0.5110108852386475,0.42109397053718567,-0.08372773230075836,0.48084086179733276,0.5122804045677185,-0.08373727649450302,0.5229636430740356,0.45336663722991943,-0.012187092565000057,0.4846688210964203,0.49713805317878723,-0.002559684682637453,0.5134506225585938,0.481137216091156,0.04587165266275406,0.48438453674316406,0.4964863657951355,-0.002365692052990198,0.5128123164176941,0.48753589391708374,0.05688520520925522,0.48866838216781616,0.48980531096458435,-0.006964933127164841,0.5109732747077942,0.49180731177330017,0.04450726509094238,0.48911866545677185,0.48940375447273254,-0.002969265915453434,0.5106976628303528,0.49027955532073975,0.043301068246364594,0.5078574419021606,0.5247247815132141,-0.03195764124393463,0.5205234289169312,0.496521919965744,0.03202109783887863,0.465082585811615,0.4967701733112335,-0.04359019920229912,0.4795069098472595,0.4549320340156555,0.032954536378383636,0.4488183856010437,0.5556360483169556,0.009738707914948463,0.46049466729164124,0.5329633355140686,0.08164214342832565,0.4506496489048004,0.5703027248382568,0.01465517282485962,0.46094757318496704,0.5493353009223938,0.08541803061962128,0.4299262464046478,0.5466079711914062,0.002163888420909643,0.4429357647895813,0.5310487747192383,0.0744621753692627
0558,./images/2/frame_00558.jpg,Fall,0.4767475724220276,0.4294717013835907,-0.12596818804740906,0.4759339690208435,0.4262606203556061,-0.13758334517478943,0.4757883548736572,0.42541223764419556,-0.1375521421432495,0.47552332282066345,0.42741066217422485,-0.1375848352909088,0.4763486981391907,0.4235598146915436,-0.1295853555202484,0.47681817412376404,0.4222865104675293,-0.12963451445102692,0.47728532552719116,0.4209991991519928,-0.12965410947799683,0.47944873571395874,0.4289138913154602,-0.15438683331012726,0.48285460472106934,0.4183187186717987,-0.11747746169567108,0.4786404073238373,0.43353360891342163,-0.12838558852672577,0.47998642921447754,0.43300336599349976,-0.11764981597661972,0.48957544565200806,0.4592626690864563,-0.13804513216018677,0.5064140558242798,0.4220174551010132,-0.06722921133041382,0.49132856726646423,0.5029822587966919,-0.07913947850465775,0.51581209897995,0.46233466267585754,-0.0008056032238528132,0.49037665128707886,0.49221891164779663,0.004455100744962692,0.5077263116836548,0.4856395721435547,0.05084235221147537,0.4889095425605774,0.49187329411506653,0.007415478117763996,0.5069854855537415,0.49152347445487976,0.0628117099404335,0.49195441603660583,0.485277384519577,0.005653366446495056,0.5050548911094666,0.4938684105873108,0.051340825855731964,0.4924983084201813,0.485032856464386,0.005702807102352381,0.5051202178001404,0.4919016659259796,0.04844179004430771,0.5112576484680176,0.5229189395904541,-0.03486867621541023,0.5191024541854858,0.4987366199493408,0.03492765501141548,0.4656723439693451,0.496214896440506,-0.053260672837495804,0.47561612725257874,0.45911526679992676,0.020039189606904984,0.45194974541664124,0.5591249465942383,-0.014568207785487175,0.4570901393890381,0.5401611924171448,0.04961416870355606,0.45460906624794006,0.5743446946144104,-0.011069017462432384,0.4579943120479584,0.5560844540596008,0.051418207585811615,0.43300381302833557,0.5530951023101807,-0.02475043758749962,0.4402235150337219,0.5383234024047852,0.039516255259513855
0559,./images/2/frame_00559.jpg,Fall,0.47669845819473267,0.4320063292980194,-0.10160408914089203,0.47596755623817444,0.4270051419734955,-0.11334781348705292,0.4758531153202057,0.4266548454761505,-0.11331182718276978,0.4755401015281677,0.42768529057502747,-0.11334192752838135,0.4754972457885742,0.4269275367259979,-0.10544872283935547,0.47570252418518066,0.4257545471191406,-0.10548803955316544,0.4759339690208435,0.4245593249797821,-0.105502650141716,0.4800663888454437,0.4288911521434784,-0.1322707086801529,0.480787992477417,0.4205278754234314,-0.09570304304361343,0.4787827134132385,0.4352254569530487,-0.10476638376712799,0.47989773750305176,0.4365446865558624,-0.09416177868843079,0.4913122057914734,0.45417284965515137,-0.1206217035651207,0.5054107904434204,0.42277443408966064,-0.04845132678747177,0.49352869391441345,0.49872398376464844,-0.06311574578285217,0.5150588750839233,0.4648025929927826,0.0168206337839365,0.4908619821071625,0.488042950630188,0.022736944258213043,0.507006049156189,0.4869328737258911,0.06534194946289062,0.4888981878757477,0.48772019147872925,0.027631422504782677,0.5061987638473511,0.49280959367752075,0.07781781256198883,0.4914971888065338,0.4810883104801178,0.027311015874147415,0.504338264465332,0.49435123801231384,0.06731896847486496,0.4922364354133606,0.48098576068878174,0.024893656373023987,0.5044565200805664,0.4922281503677368,0.0632629543542862,0.5122376084327698,0.5221437811851501,-0.03645658493041992,0.5185673236846924,0.5022605657577515,0.036497440189123154,0.4656088948249817,0.49577027559280396,-0.055073775351047516,0.47508034110069275,0.46373388171195984,0.01983400247991085,0.45305687189102173,0.5612173676490784,-0.022734900936484337,0.45571598410606384,0.5449799299240112,0.04100165143609047,0.45596376061439514,0.5763666033744812,-0.019554294645786285,0.4566590189933777,0.5604158043861389,0.04192795604467392,0.4351278841495514,0.5514050126075745,-0.030789542943239212,0.43890491127967834,0.5452631711959839,0.029858853667974472
0560,./images/2/frame_00560.jpg,Fall,0.47612348198890686,0.4302879273891449,-0.1320229172706604,0.4752942621707916,0.4262607991695404,-0.1434139758348465,0.47507643699645996,0.42632216215133667,-0.14338473975658417,0.47476333379745483,0.4274384379386902,-0.1434195190668106,0.4756403863430023,0.4249245524406433,-0.1365218460559845,0.4761444926261902,0.42362040281295776,-0.13657870888710022,0.4766772389411926,0.4223320782184601,-0.13660284876823425,0.4785483777523041,0.42903056740760803,-0.156525120139122,0.4817536771297455,0.4197707176208496,-0.12431305646896362,0.47795596718788147,0.43451064825057983,-0.13261064887046814,0.47939229011535645,0.4363381564617157,-0.12343837320804596,0.4857785701751709,0.4597757160663605,-0.13548190891742706,0.5055338144302368,0.4227348864078522,-0.07195727527141571,0.48730626702308655,0.49918875098228455,-0.0651003047823906,0.5166457295417786,0.45918792486190796,0.0006219841307029128,0.4886682629585266,0.4886806011199951,0.01334770955145359,0.5073373317718506,0.4864569902420044,0.05666179209947586,0.48601359128952026,0.488789439201355,0.014450693503022194,0.5067285299301147,0.4905707836151123,0.06722261756658554,0.48904281854629517,0.4812455475330353,0.011544248089194298,0.5050629377365112,0.4930083751678467,0.05571296811103821,0.4900430738925934,0.48173099756240845,0.014118870720267296,0.5051277875900269,0.4915322959423065,0.05446605011820793,0.511355459690094,0.5228305459022522,-0.03512188047170639,0.5196155905723572,0.501450777053833,0.03519152104854584,0.4655373692512512,0.4954240620136261,-0.04860012233257294,0.4773100018501282,0.4613116383552551,0.026269081979990005,0.45285648107528687,0.5597054362297058,0.005249115638434887,0.45941367745399475,0.5392875075340271,0.07161886245012283,0.4553914964199066,0.5740022659301758,0.010465133935213089,0.4600962698459625,0.5552253127098083,0.07507223635911942,0.4364657402038574,0.5505033135414124,0.0021646420937031507,0.4418056011199951,0.5387442111968994,0.0660189688205719
0561,./images/2/frame_00561.jpg,Fall,0.4760914742946625,0.42970770597457886,-0.1281754970550537,0.47528690099716187,0.4261658489704132,-0.13960716128349304,0.47507017850875854,0.426228791475296,-0.1395842581987381,0.4747841954231262,0.4273471534252167,-0.13961581885814667,0.47585710883140564,0.4238829016685486,-0.13230223953723907,0.47645896673202515,0.4224751889705658,-0.1323556900024414,0.4771011769771576,0.4210991859436035,-0.13237757980823517,0.4784494936466217,0.4289579689502716,-0.1535997986793518,0.48238062858581543,0.4193780720233917,-0.11982136964797974,0.47798269987106323,0.4344397783279419,-0.12945061922073364,0.4794778823852539,0.4343037009239197,-0.11958643049001694,0.48318952322006226,0.4606511890888214,-0.13517001271247864,0.5062950849533081,0.4226219654083252,-0.06815651804208755,0.4841597080230713,0.5025482177734375,-0.07254548370838165,0.5173540711402893,0.45757055282592773,0.0034545972011983395,0.48711466789245605,0.4892130494117737,0.008561204187572002,0.5076821446418762,0.48488399386405945,0.0563993863761425,0.48629578948020935,0.48940712213516235,0.0090873334556818,0.5071527361869812,0.48916879296302795,0.0667090117931366,0.4900756776332855,0.4821045696735382,0.004663424100726843,0.5063942670822144,0.4921106994152069,0.05445612221956253,0.49068155884742737,0.4817952811717987,0.008441561833024025,0.5063549876213074,0.4909946918487549,0.05367603898048401,0.5112550258636475,0.5228447318077087,-0.03485346585512161,0.5207400321960449,0.5007374286651611,0.03492744266986847,0.4662652611732483,0.49275511503219604,-0.04738370329141617,0.47828373312950134,0.4596734344959259,0.02681818976998329,0.4533987045288086,0.5590406060218811,0.0076851025223731995,0.46038421988487244,0.5382262468338013,0.06998161971569061,0.455772340297699,0.5733834505081177,0.013073781505227089,0.46090102195739746,0.5542853474617004,0.0731736421585083,0.43826228380203247,0.5488790273666382,0.0039484514854848385,0.44233959913253784,0.5370562076568604,0.06189844012260437
0562,./images/2/frame_00562.jpg,Fall,0.47615495324134827,0.4295983910560608,-0.11954671144485474,0.4753841459751129,0.42628809809684753,-0.1313282549381256,0.47522860765457153,0.42653003334999084,-0.13130076229572296,0.4750351905822754,0.4274500012397766,-0.13133274018764496,0.47596225142478943,0.4238502085208893,-0.12355170398950577,0.47655606269836426,0.42246419191360474,-0.12360116094350815,0.4771808683872223,0.4210854768753052,-0.1236208900809288,0.4787113666534424,0.4288977384567261,-0.14817379415035248,0.4827040731906891,0.4188593626022339,-0.11228235065937042,0.4783615469932556,0.4341130256652832,-0.12196008116006851,0.4795762896537781,0.43344107270240784,-0.11147511005401611,0.48742228746414185,0.45868995785713196,-0.1330578327178955,0.5070092678070068,0.42252129316329956,-0.06247897818684578,0.4870534837245941,0.5027673244476318,-0.07203961908817291,0.5193868279457092,0.46063360571861267,0.0068229385651648045,0.4881064295768738,0.48950907588005066,0.01269665826112032,0.5097746253013611,0.4851395785808563,0.058856673538684845,0.48702913522720337,0.4898582100868225,0.014996655285358429,0.5092109441757202,0.49082648754119873,0.07038692384958267,0.4906476140022278,0.4827774167060852,0.012227068655192852,0.5074127912521362,0.4933277666568756,0.05837085098028183,0.49130740761756897,0.4822187125682831,0.013473558239638805,0.5072576403617859,0.49148887395858765,0.05617408826947212,0.5119196772575378,0.521809458732605,-0.03501104190945625,0.5207580924034119,0.5003690719604492,0.03507406637072563,0.46717581152915955,0.4889198839664459,-0.04935254901647568,0.4776330888271332,0.4598686695098877,0.019887270405888557,0.4544880986213684,0.558245062828064,-0.0031156179029494524,0.4600847363471985,0.5393092036247253,0.05205688625574112,0.45695552229881287,0.5729368925094604,0.001400996814481914,0.46074381470680237,0.5552019476890564,0.0541885681450367,0.4391181468963623,0.5481587052345276,-0.00934628862887621,0.4425598680973053,0.5369001626968384,0.04147293418645859
0563,./images/2/frame_00563.jpg,Fall,0.476588636636734,0.4299214780330658,-0.11954326927661896,0.47580209374427795,0.4266611337661743,-0.13134759664535522,0.47568392753601074,0.4269688129425049,-0.13132044672966003,0.4755402207374573,0.42772412300109863,-0.13135100901126862,0.4760406017303467,0.4239501655101776,-0.12375704944133759,0.4766923487186432,0.4225326180458069,-0.12380947917699814,0.47735971212387085,0.4211113452911377,-0.12383051216602325,0.4789612293243408,0.42887163162231445,-0.14829090237617493,0.48300379514694214,0.41866248846054077,-0.11328830569982529,0.4789549708366394,0.4340599775314331,-0.12199665606021881,0.4798348844051361,0.43275830149650574,-0.11177629232406616,0.48798537254333496,0.459700345993042,-0.13359585404396057,0.507728636264801,0.42240551114082336,-0.06365365535020828,0.48596063256263733,0.503675639629364,-0.07331068813800812,0.5185233354568481,0.4609200358390808,0.006856218911707401,0.48671284317970276,0.4895322620868683,0.01055929809808731,0.5076595544815063,0.48498281836509705,0.05944865196943283,0.4859010577201843,0.4897932708263397,0.012032551690936089,0.506772518157959,0.49088647961616516,0.07065307348966599,0.4896305203437805,0.4825986623764038,0.00885782577097416,0.5044021606445312,0.4935643970966339,0.05823956057429314,0.49035176634788513,0.4819932281970978,0.011036613956093788,0.504323422908783,0.4916997253894806,0.05658872798085213,0.5121486186981201,0.5218091607093811,-0.03473176807165146,0.5209218263626099,0.5001007318496704,0.034794293344020844,0.46755003929138184,0.4884357750415802,-0.04876463860273361,0.47804418206214905,0.4592474102973938,0.021156642585992813,0.4548398554325104,0.5507866144180298,-0.0017789084231480956,0.4610702395439148,0.537356436252594,0.055841781198978424,0.4567893147468567,0.5722890496253967,0.0027711745351552963,0.4616512656211853,0.5532008409500122,0.05821559578180313,0.4394393563270569,0.5478445291519165,-0.008114942349493504,0.44386759400367737,0.5380637049674988,0.045575305819511414
0564,./images/2/frame_00564.jpg,Fall,0.4772898256778717,0.4294894337654114,-0.12757505476474762,0.4765051007270813,0.426481157541275,-0.13916443288326263,0.4763820171356201,0.4269018769264221,-0.13913699984550476,0.4762125611305237,0.4275680184364319,-0.13916899263858795,0.47635331749916077,0.42377570271492004,-0.13187433779239655,0.47696393728256226,0.4222872853279114,-0.1319292187690735,0.477588951587677,0.42081624269485474,-0.13195165991783142,0.47932109236717224,0.4287572503089905,-0.1532703936100006,0.48326316475868225,0.4183990955352783,-0.11993037164211273,0.4796709418296814,0.4339965879917145,-0.1288546919822693,0.48033493757247925,0.4324152171611786,-0.1190979927778244,0.48820096254348755,0.46044501662254333,-0.1371520310640335,0.5084850788116455,0.422317773103714,-0.06890277564525604,0.4861188530921936,0.5047009587287903,-0.0800144225358963,0.5176267623901367,0.46146300435066223,0.005580042023211718,0.4863877296447754,0.49153220653533936,0.00013441272312775254,0.5063701868057251,0.48568853735923767,0.05528857558965683,0.48533105850219727,0.49208682775497437,0.0003806014428846538,0.505362868309021,0.49165424704551697,0.06646215915679932,0.4891251027584076,0.4843806028366089,-0.003636713372543454,0.5030074715614319,0.49434804916381836,0.053790368139743805,0.48989206552505493,0.4836418032646179,4.001309207524173e-05,0.502937912940979,0.4924452602863312,0.052162934094667435,0.5118890404701233,0.521766185760498,-0.034624312072992325,0.5208970904350281,0.4995706379413605,0.03470184653997421,0.4675804078578949,0.48805317282676697,-0.0469924733042717,0.47840651869773865,0.4569263160228729,0.0217549167573452,0.45453959703445435,0.5510402917861938,0.0034321569837629795,0.4611627459526062,0.5371230840682983,0.061991989612579346,0.45645871758461,0.5697773694992065,0.008222715929150581,0.4617186486721039,0.5524188876152039,0.06494279205799103,0.43927091360092163,0.5445057153701782,-0.0036965669132769108,0.44364920258522034,0.5365417003631592,0.052587561309337616
0565,./images/2/frame_00565.jpg,Fall,0.47771239280700684,0.42708876729011536,-0.1351483166217804,0.47670960426330566,0.4254721403121948,-0.14683495461940765,0.47651442885398865,0.4262005388736725,-0.14682143926620483,0.4762866497039795,0.4270106852054596,-0.14685744047164917,0.4771091938018799,0.4214780032634735,-0.14130714535713196,0.477952778339386,0.41990894079208374,-0.1413731873035431,0.4788370728492737,0.4183301627635956,-0.14141066372394562,0.479288250207901,0.42866212129592896,-0.1609443575143814,0.4851160943508148,0.41770994663238525,-0.1352182924747467,0.47968238592147827,0.43274155259132385,-0.1361306607723236,0.48056644201278687,0.4302220940589905,-0.12877880036830902,0.4804929792881012,0.4669106900691986,-0.14175130426883698,0.5103279948234558,0.422247052192688,-0.08543991297483444,0.47665610909461975,0.5119965672492981,-0.08063285052776337,0.5215311646461487,0.460689514875412,-0.00871604960411787,0.4781011641025543,0.49543431401252747,-0.0036407005973160267,0.5081119537353516,0.4849834442138672,0.0509156808257103,0.4770086407661438,0.4954175651073456,-0.005842243321239948,0.5068926215171814,0.49040329456329346,0.05973653867840767,0.48174434900283813,0.4874158203601837,-0.011964242905378342,0.5040440559387207,0.49374401569366455,0.04734596610069275,0.48290666937828064,0.4866164028644562,-0.004896539729088545,0.5036056041717529,0.4922459125518799,0.04813322797417641,0.510166585445404,0.5224301815032959,-0.030952900648117065,0.5215522050857544,0.4992184638977051,0.031035009771585464,0.4674386978149414,0.4904351532459259,-0.023943215608596802,0.4824587404727936,0.45576778054237366,0.0472947396337986,0.4527270793914795,0.5508655905723572,0.04844154417514801,0.4697186350822449,0.5281115770339966,0.11595387756824493,0.45449012517929077,0.5670632123947144,0.05569573491811752,0.4710443615913391,0.5424256920814514,0.12213623523712158,0.4388864040374756,0.5446985960006714,0.04602314904332161,0.4535794258117676,0.5300132036209106,0.11489836126565933
0566,./images/2/frame_00566.jpg,Fall,0.4777073264122009,0.42815691232681274,-0.13507653772830963,0.4767862856388092,0.4254598915576935,-0.14690126478672028,0.47661781311035156,0.42615807056427,-0.14688582718372345,0.4764828681945801,0.4271506071090698,-0.14692167937755585,0.4771561026573181,0.42180994153022766,-0.14060905575752258,0.47796639800071716,0.4203278422355652,-0.14067170023918152,0.47883763909339905,0.41883552074432373,-0.14070163667201996,0.4794977307319641,0.428646981716156,-0.16295059025287628,0.4851081967353821,0.4178844094276428,-0.13347452878952026,0.4797254204750061,0.4331083595752716,-0.13623353838920593,0.48057541251182556,0.43070852756500244,-0.1282729208469391,0.4849580228328705,0.46649691462516785,-0.14705756306648254,0.5103813409805298,0.4224669933319092,-0.08123738318681717,0.4801672399044037,0.5117685794830322,-0.08462627232074738,0.5206875205039978,0.46177423000335693,-0.005503966473042965,0.4824918806552887,0.4953322112560272,-0.003122740425169468,0.5089406371116638,0.4853576719760895,0.05172870680689812,0.482020765542984,0.49533775448799133,-0.004240731708705425,0.5074987411499023,0.49114158749580383,0.06115245074033737,0.48622995615005493,0.48748159408569336,-0.009991015307605267,0.5044747591018677,0.4938797950744629,0.04814532399177551,0.48679685592651367,0.4866759479045868,-0.0040507069788873196,0.5042943358421326,0.4921559989452362,0.04869627207517624,0.5107327103614807,0.5233508348464966,-0.03282769024372101,0.5215456485748291,0.499978244304657,0.03291250020265579,0.4674680233001709,0.4912685751914978,-0.0386168546974659,0.48241525888442993,0.456649512052536,0.03308243304491043,0.45280107855796814,0.5553020238876343,0.01847199536859989,0.4668051302433014,0.5327326655387878,0.07988227158784866,0.454653799533844,0.5704086422920227,0.023695815354585648,0.4674505293369293,0.548168420791626,0.0831899419426918,0.43857893347740173,0.5465397834777832,0.010500659234821796,0.4505595266819,0.5359635949134827,0.06998659670352936
0567,./images/2/frame_00567.jpg,Fall,0.4777713716030121,0.4288311302661896,-0.12226106226444244,0.47703656554222107,0.42538270354270935,-0.13434986770153046,0.47693324089050293,0.4261011779308319,-0.13433103263378143,0.47682762145996094,0.42703378200531006,-0.13436511158943176,0.4772280752658844,0.422212690114975,-0.12653447687625885,0.4779829978942871,0.42087623476982117,-0.12659010291099548,0.47883668541908264,0.41953516006469727,-0.12661084532737732,0.4799710810184479,0.4284309446811676,-0.1529930680990219,0.4850339889526367,0.418110191822052,-0.11688568443059921,0.47998031973838806,0.43328121304512024,-0.12528914213180542,0.48065462708473206,0.4311186969280243,-0.11487318575382233,0.487711101770401,0.46266940236091614,-0.1394793540239334,0.5096573233604431,0.4229928255081177,-0.06721565872430801,0.4857044816017151,0.5062799453735352,-0.07903315126895905,0.5196250081062317,0.4640772044658661,0.0007342016906477511,0.48838329315185547,0.4933481514453888,0.0032466035336256027,0.5094954371452332,0.48671358823776245,0.05149877816438675,0.48802274465560913,0.4937672019004822,0.003429630771279335,0.5080737471580505,0.49268031120300293,0.06088437885046005,0.4917038083076477,0.48647940158843994,-0.0016972078010439873,0.5049734115600586,0.4947240948677063,0.048054471611976624,0.4919533133506775,0.48570123314857483,0.002746513346210122,0.5048283338546753,0.4927057921886444,0.04835612699389458,0.5117160081863403,0.5233571529388428,-0.0343138724565506,0.5215428471565247,0.5008413195610046,0.03439929336309433,0.46766719222068787,0.49116578698158264,-0.04511576518416405,0.48226627707481384,0.45769819617271423,0.02457144856452942,0.4533822536468506,0.5576801300048828,0.006518153939396143,0.4654563069343567,0.535504937171936,0.05973067879676819,0.45545682311058044,0.5728856325149536,0.01124991849064827,0.4658251702785492,0.5513246059417725,0.061902452260255814,0.4384099543094635,0.5498150587081909,-0.002471353393048048,0.44950932264328003,0.5387713313102722,0.04743674024939537
0568,./images/2/frame_00568.jpg,Fall,0.47825583815574646,0.4287455677986145,-0.12396243959665298,0.4781363606452942,0.42536622285842896,-0.13829168677330017,0.47791701555252075,0.42606714367866516,-0.1382865607738495,0.4777940809726715,0.42701348662376404,-0.13832874596118927,0.47821393609046936,0.42215877771377563,-0.13063594698905945,0.478936105966568,0.42081713676452637,-0.1306883692741394,0.47973260283470154,0.41947346925735474,-0.13071763515472412,0.48020753264427185,0.428426057100296,-0.15999087691307068,0.4857175350189209,0.4180409610271454,-0.1257859766483307,0.48080071806907654,0.43341344594955444,-0.12943105399608612,0.4816942811012268,0.4310624301433563,-0.11924495548009872,0.4869486689567566,0.4634007215499878,-0.14703483879566193,0.5115907788276672,0.42287206649780273,-0.07618656754493713,0.4808448255062103,0.5081049203872681,-0.08564703911542892,0.5210738182067871,0.4630979001522064,-0.004831537138670683,0.4863167405128479,0.4933273196220398,-0.006130706053227186,0.5101419687271118,0.48619693517684937,0.048465926200151443,0.4870586395263672,0.49334031343460083,-0.008703848347067833,0.5084137916564941,0.4922272861003876,0.05692283436655998,0.4913022518157959,0.48616060614585876,-0.01580885238945484,0.5057428479194641,0.4947655200958252,0.04404657706618309,0.49107012152671814,0.48550066351890564,-0.0077900635078549385,0.5057834386825562,0.49279165267944336,0.04534425586462021,0.5116457939147949,0.5237105488777161,-0.034165896475315094,0.5227200388908386,0.5004284977912903,0.03425869718194008,0.4664795994758606,0.4914150536060333,-0.04155705124139786,0.4848688244819641,0.4537239372730255,0.041740529239177704,0.4516737461090088,0.556282103061676,0.02345486544072628,0.4726944863796234,0.5278666019439697,0.09714674949645996,0.45384564995765686,0.5700250267982483,0.030024472624063492,0.4740276336669922,0.5424015522003174,0.10165596008300781,0.4383024573326111,0.548773467540741,0.022301264107227325,0.4583210349082947,0.5321299433708191,0.09393256902694702
0569,./images/2/frame_00569.jpg,Fall,0.4794185161590576,0.4286860525608063,-0.15884743630886078,0.48004022240638733,0.42534616589546204,-0.17128992080688477,0.47978001832962036,0.4261208474636078,-0.17127718031406403,0.4795140326023102,0.42713016271591187,-0.17133256793022156,0.4798109531402588,0.42218366265296936,-0.16463030874729156,0.4806073307991028,0.4208129048347473,-0.1646905094385147,0.4814494252204895,0.41944101452827454,-0.16472391784191132,0.4813631474971771,0.42898088693618774,-0.1853710114955902,0.487337201833725,0.41843703389167786,-0.15552160143852234,0.48234128952026367,0.4335787892341614,-0.15933506190776825,0.48331135511398315,0.43104374408721924,-0.15059563517570496,0.4868446886539459,0.46688181161880493,-0.1675354391336441,0.5136268138885498,0.4233064353466034,-0.10495056211948395,0.4790852963924408,0.5187968611717224,-0.10663248598575592,0.5229529142379761,0.4629806876182556,-0.030465057119727135,0.4861726760864258,0.49614572525024414,-0.037348151206970215,0.5119646787643433,0.48592355847358704,0.02924956940114498,0.486793577671051,0.49345093965530396,-0.04243209958076477,0.5107372999191284,0.4919893443584442,0.03630777448415756,0.49113893508911133,0.4865269660949707,-0.05074645206332207,0.5079904794692993,0.49458080530166626,0.025377307087183,0.4914005696773529,0.48660609126091003,-0.03964660316705704,0.5077533721923828,0.4925737679004669,0.027126574888825417,0.5110196471214294,0.5229147672653198,-0.02835066244006157,0.5229333639144897,0.4964757263660431,0.02842114306986332,0.46496567130088806,0.4962780773639679,0.004948929417878389,0.4894227087497711,0.45387375354766846,0.06800186634063721,0.4529518187046051,0.553158164024353,0.10745324939489365,0.4868782162666321,0.5160632729530334,0.1676449030637741,0.4560946524143219,0.5656287670135498,0.11871727555990219,0.4898144602775574,0.5273035168647766,0.17789903283119202,0.4392366409301758,0.5445966124534607,0.12209322303533554,0.4732338488101959,0.5183009505271912,0.18214213848114014
0570,./images/2/frame_00570.jpg,Fall,0.47942131757736206,0.4286584258079529,-0.16770872473716736,0.48081716895103455,0.425306499004364,-0.18101099133491516,0.4806157946586609,0.4260907471179962,-0.18099413812160492,0.48037052154541016,0.4271200895309448,-0.18105259537696838,0.4800306260585785,0.4221707284450531,-0.17364609241485596,0.48083677887916565,0.420776903629303,-0.17370833456516266,0.48167866468429565,0.4194064140319824,-0.17374135553836823,0.4821259081363678,0.4290088713169098,-0.1977219432592392,0.4877204895019531,0.4184444844722748,-0.1648540496826172,0.4830438196659088,0.43377092480659485,-0.1688818633556366,0.483320415019989,0.43103712797164917,-0.15929242968559265,0.4872536063194275,0.4690915048122406,-0.1786712259054184,0.5138238668441772,0.42296192049980164,-0.11341230571269989,0.47937750816345215,0.5198402404785156,-0.11477861553430557,0.5229419469833374,0.46245473623275757,-0.03711637109518051,0.48644161224365234,0.49959415197372437,-0.04074881225824356,0.5125220417976379,0.48411470651626587,0.023380745202302933,0.4869443476200104,0.49640563130378723,-0.045693106949329376,0.5118874311447144,0.4876188039779663,0.03009628690779209,0.49122780561447144,0.49026480317115784,-0.05435493588447571,0.5093175172805786,0.4907921552658081,0.01905021071434021,0.4917217791080475,0.4904635548591614,-0.04304441809654236,0.5088239908218384,0.49013206362724304,0.021179158240556717,0.5105394721031189,0.5224978923797607,-0.027540093287825584,0.5225962400436401,0.4941871762275696,0.027599424123764038,0.46487051248550415,0.49987801909446716,0.013951857574284077,0.48891764879226685,0.45846807956695557,0.07308398187160492,0.45477551221847534,0.5527409911155701,0.12474788725376129,0.48925280570983887,0.5156283378601074,0.1829616129398346,0.45815736055374146,0.5653778314590454,0.13673526048660278,0.4924803376197815,0.5262517333030701,0.1943543702363968,0.439535915851593,0.5428941249847412,0.13780638575553894,0.47573724389076233,0.5166304111480713,0.1969946324825287
0571,./images/2/frame_00571.jpg,Fall,0.48039188981056213,0.4293529987335205,-0.1768898069858551,0.48217278718948364,0.4255249500274658,-0.18968923389911652,0.482104629278183,0.4262411892414093,-0.18967266380786896,0.4819555878639221,0.42719513177871704,-0.18973183631896973,0.4810812473297119,0.42253512144088745,-0.18224771320819855,0.48175644874572754,0.42111796140670776,-0.18231543898582458,0.4824632704257965,0.41970932483673096,-0.18234793841838837,0.48430871963500977,0.42883771657943726,-0.203191876411438,0.48849162459373474,0.41866275668144226,-0.16969981789588928,0.48431143164634705,0.43426260352134705,-0.17682215571403503,0.4841955602169037,0.43193256855010986,-0.16703662276268005,0.4927748739719391,0.4687099754810333,-0.17889182269573212,0.5135523676872253,0.4229357838630676,-0.11581863462924957,0.48768728971481323,0.5181607604026794,-0.11844594776630402,0.5188829302787781,0.46464869379997253,-0.047586794942617416,0.4941862225532532,0.5006824135780334,-0.04628541320562363,0.5079706907272339,0.48732277750968933,0.002380568766966462,0.49468040466308594,0.4978961944580078,-0.04992000013589859,0.5069308280944824,0.4908396899700165,0.008396361954510212,0.4984041154384613,0.49201586842536926,-0.05828775092959404,0.5050914883613586,0.49410903453826904,-0.0021131527610123158,0.4986453056335449,0.4920038878917694,-0.04843014478683472,0.5050187110900879,0.49343881011009216,0.00019532367878127843,0.5114945769309998,0.5207697153091431,-0.027865394949913025,0.521141767501831,0.49284443259239197,0.027944231405854225,0.46525439620018005,0.4989568591117859,-0.005244676489382982,0.48712706565856934,0.45951420068740845,0.058186281472444534,0.45569807291030884,0.5499137043952942,0.09011592715978622,0.4817069172859192,0.5187838673591614,0.1439322978258133,0.4588422179222107,0.563153862953186,0.10014639794826508,0.48386597633361816,0.5310935378074646,0.15253451466560364,0.4384435713291168,0.5391035079956055,0.09609843790531158,0.4669598937034607,0.5199741125106812,0.15098874270915985
0572,./images/2/frame_00572.jpg,Fall,0.48218804597854614,0.4298570454120636,-0.1738913506269455,0.4826359748840332,0.42580005526542664,-0.1871519386768341,0.48257961869239807,0.4263627231121063,-0.187138170003891,0.4824399948120117,0.42721137404441833,-0.1871994435787201,0.4814310669898987,0.4227581024169922,-0.17919424176216125,0.4821113646030426,0.42130813002586365,-0.17926354706287384,0.4828201234340668,0.41985881328582764,-0.1792968064546585,0.48500722646713257,0.4284631609916687,-0.20295226573944092,0.48905253410339355,0.41877251863479614,-0.1671203225851059,0.48490110039711,0.4350070059299469,-0.17480692267417908,0.48453816771507263,0.43244579434394836,-0.16435807943344116,0.494286447763443,0.46844831109046936,-0.17942820489406586,0.5133838653564453,0.4228633940219879,-0.11303375661373138,0.4892844557762146,0.5171441435813904,-0.1194387823343277,0.516621470451355,0.46569010615348816,-0.045013852417469025,0.49400395154953003,0.5014516115188599,-0.04529054835438728,0.5063726902008057,0.48691707849502563,0.0034737929236143827,0.4941031336784363,0.4995214641094208,-0.049192991107702255,0.5055414438247681,0.4903394877910614,0.00878114253282547,0.49774742126464844,0.49360087513923645,-0.058115385472774506,0.503769040107727,0.49328944087028503,-0.0018402391579002142,0.4981876313686371,0.493254691362381,-0.04763505235314369,0.5036232471466064,0.49310463666915894,0.0010467013344168663,0.512125551700592,0.5203355550765991,-0.02827378548681736,0.5205442309379578,0.4931592643260956,0.02836173214018345,0.46613550186157227,0.4968928396701813,-0.010512067936360836,0.485370934009552,0.46033480763435364,0.05492324382066727,0.455639123916626,0.5463576912879944,0.08332361280918121,0.4815289378166199,0.5203829407691956,0.13465139269828796,0.45846089720726013,0.5601714253425598,0.09302182495594025,0.4831145703792572,0.5332098007202148,0.14290417730808258,0.4373093545436859,0.5355933904647827,0.08618105947971344,0.4647371768951416,0.5212937593460083,0.13880570232868195
0573,./images/2/frame_00573.jpg,Fall,0.4822508692741394,0.42978689074516296,-0.16410338878631592,0.4823022484779358,0.4256882071495056,-0.17766517400741577,0.48221200704574585,0.42623522877693176,-0.17764703929424286,0.4820552468299866,0.42703792452812195,-0.17770513892173767,0.4812586307525635,0.42251819372177124,-0.16922366619110107,0.4819696545600891,0.4209659695625305,-0.16929218173027039,0.48271265625953674,0.41939404606819153,-0.16932153701782227,0.48472732305526733,0.4278795123100281,-0.1967126578092575,0.48927101492881775,0.4181221127510071,-0.15787656605243683,0.48453664779663086,0.43495064973831177,-0.1662760078907013,0.4843676686286926,0.43237757682800293,-0.155133455991745,0.4934791028499603,0.46904677152633667,-0.1772114634513855,0.5132724046707153,0.422616571187973,-0.10455405712127686,0.48818475008010864,0.5169468522071838,-0.11589547246694565,0.5175082683563232,0.462222158908844,-0.037273965775966644,0.4920421242713928,0.5023214817047119,-0.034341953694820404,0.507355272769928,0.4827392101287842,0.016586769372224808,0.49210125207901,0.5015451908111572,-0.03768208995461464,0.5065780282020569,0.4865792989730835,0.024616200476884842,0.4959144592285156,0.4950200915336609,-0.045998476445674896,0.5046845078468323,0.4893615245819092,0.014040435664355755,0.4963441789150238,0.49425768852233887,-0.03633422404527664,0.504494845867157,0.48901528120040894,0.014906068332493305,0.5124384164810181,0.5212094783782959,-0.029763206839561462,0.5207424163818359,0.49327605962753296,0.029886256903409958,0.4656469225883484,0.49248185753822327,-0.0260721854865551,0.4833207130432129,0.45953136682510376,0.038721129298210144,0.45201078057289124,0.5463091731071472,0.053564708679914474,0.4719179570674896,0.520568311214447,0.10739394277334213,0.45407333970069885,0.5603659749031067,0.06152818724513054,0.4733406603336334,0.5340455174446106,0.1136794239282608,0.4321940541267395,0.5368865728378296,0.0518016517162323,0.4548565745353699,0.5221948027610779,0.10497625917196274
0574,./images/2/frame_00574.jpg,Fall,0.482321172952652,0.4297526180744171,-0.1685989648103714,0.4823342263698578,0.4256507456302643,-0.18190863728523254,0.4822807312011719,0.4261522889137268,-0.18188847601413727,0.48216256499290466,0.42688533663749695,-0.18194878101348877,0.48122096061706543,0.42239463329315186,-0.1726801097393036,0.48189154267311096,0.4208407402038574,-0.172753244638443,0.4826015532016754,0.4192659258842468,-0.17278417944908142,0.4849912226200104,0.42742496728897095,-0.19833509624004364,0.4891572892665863,0.4177444875240326,-0.1569879949092865,0.48443442583084106,0.43491601943969727,-0.17013035714626312,0.48446398973464966,0.43247145414352417,-0.15798348188400269,0.4947889447212219,0.4689154326915741,-0.17935732007026672,0.5132408142089844,0.4221333861351013,-0.10347427427768707,0.4881354868412018,0.5166974067687988,-0.12108615785837173,0.5161849856376648,0.46214985847473145,-0.03158087655901909,0.4910964071750641,0.5021872520446777,-0.03861984238028526,0.5062981843948364,0.4831887185573578,0.020332088693976402,0.4911298155784607,0.5016680955886841,-0.04206674546003342,0.5053005218505859,0.48797038197517395,0.02775399759411812,0.4952039122581482,0.494742214679718,-0.049693476408720016,0.5037692785263062,0.490031898021698,0.016298754140734673,0.49563106894493103,0.4939189553260803,-0.04026363790035248,0.5036437511444092,0.4893285930156708,0.017732184380292892,0.5135009288787842,0.5212339162826538,-0.031961839646101,0.5207839608192444,0.49462851881980896,0.03210488334298134,0.4652869701385498,0.4895744323730469,-0.040823038667440414,0.4803538918495178,0.45946383476257324,0.019733436405658722,0.45155805349349976,0.5467602014541626,0.03627169504761696,0.46237149834632874,0.5268102288246155,0.07765915989875793,0.45386233925819397,0.5608247518539429,0.04397789388895035,0.46314916014671326,0.5417577028274536,0.08253795653581619,0.4315413534641266,0.5374718308448792,0.03488289564847946,0.44424968957901,0.5269463062286377,0.07177858054637909
0575,./images/2/frame_00575.jpg,Fall,0.4823729395866394,0.4270103871822357,-0.15494373440742493,0.4834308624267578,0.420277863740921,-0.16883665323257446,0.4833083152770996,0.42112669348716736,-0.16881677508354187,0.4827525019645691,0.4227283000946045,-0.16886840760707855,0.48245343565940857,0.419975608587265,-0.15960915386676788,0.48312854766845703,0.41861170530319214,-0.1596783697605133,0.48384013772010803,0.4172201454639435,-0.1597045361995697,0.48644059896469116,0.4266434907913208,-0.1891544908285141,0.490166574716568,0.41632258892059326,-0.1468503773212433,0.4853169918060303,0.43152233958244324,-0.15781733393669128,0.48535722494125366,0.43026840686798096,-0.14563004672527313,0.4942948818206787,0.4640222191810608,-0.17697234451770782,0.5131881833076477,0.4219264090061188,-0.09069599211215973,0.48906055092811584,0.5098266005516052,-0.12022223323583603,0.5165945291519165,0.4623365104198456,-0.02117028459906578,0.49059486389160156,0.49727004766464233,-0.031957563012838364,0.5068365335464478,0.48122313618659973,0.026695916429162025,0.4907853603363037,0.497292160987854,-0.033469922840595245,0.5059006214141846,0.48541349172592163,0.03491487354040146,0.49514928460121155,0.4905335307121277,-0.03923015668988228,0.5043430924415588,0.4869396984577179,0.02306867390871048,0.49536028504371643,0.4896940588951111,-0.03236013278365135,0.504181981086731,0.48601680994033813,0.023803245276212692,0.5136319994926453,0.5200585722923279,-0.03260098397731781,0.5208094120025635,0.49474045634269714,0.03274042531847954,0.46640855073928833,0.48553895950317383,-0.0459202416241169,0.48058614134788513,0.4584505259990692,0.018343348056077957,0.4516400694847107,0.5469129085540771,0.01720884069800377,0.4637543261051178,0.5290368795394897,0.06623205542564392,0.4540674090385437,0.5612808465957642,0.023432178422808647,0.46465906500816345,0.5445849895477295,0.07005148380994797,0.43254122138023376,0.5381222367286682,0.012469983659684658,0.44659343361854553,0.5294561386108398,0.05889786034822464
0576,./images/2/frame_00576.jpg,Fall,0.4824152886867523,0.42993131279945374,-0.1599753201007843,0.48404645919799805,0.4206915497779846,-0.17334939539432526,0.48414158821105957,0.42138320207595825,-0.1733183115720749,0.48408380150794983,0.4225959777832031,-0.17337320744991302,0.48252663016319275,0.4210163950920105,-0.16300611197948456,0.48296064138412476,0.41977226734161377,-0.16306999325752258,0.48357534408569336,0.4185199737548828,-0.1630895882844925,0.49036917090415955,0.4252820611000061,-0.19282051920890808,0.49013271927833557,0.41634994745254517,-0.1470973789691925,0.4860605299472809,0.43155449628829956,-0.16320326924324036,0.4853934645652771,0.43322664499282837,-0.14943674206733704,0.5048550963401794,0.4544465243816376,-0.17332500219345093,0.5038551092147827,0.4237763583660126,-0.09070688486099243,0.5153064131736755,0.49313783645629883,-0.11730574071407318,0.5089234113693237,0.47143465280532837,-0.025388594716787338,0.5122360587120056,0.49745237827301025,-0.024428166449069977,0.5046531558036804,0.4850104749202728,0.014517799019813538,0.5109853148460388,0.4999134838581085,-0.020713109523057938,0.5043166875839233,0.4883085787296295,0.02268839441239834,0.5122770667076111,0.49627959728240967,-0.0246596522629261,0.5028403997421265,0.4882763624191284,0.011267229914665222,0.5120221972465515,0.494623064994812,-0.023372653871774673,0.5029947757720947,0.4871678948402405,0.011653123423457146,0.517453670501709,0.5188331007957458,-0.03418947756290436,0.518250584602356,0.49772560596466064,0.034280456602573395,0.4704747200012207,0.4736631214618683,-0.06256641447544098,0.476195752620697,0.45841529965400696,3.0166356737026945e-06,0.45176076889038086,0.546964704990387,-0.021352488547563553,0.45672860741615295,0.533327043056488,0.03337093070149422,0.45370492339134216,0.5613575577735901,-0.018370147794485092,0.4577323794364929,0.5495158433914185,0.035281430929899216,0.4330313801765442,0.5383971929550171,-0.04377833753824234,0.43812790513038635,0.5362595915794373,0.015333717688918114
0577,./images/2/frame_00577.jpg,Fall,0.48247113823890686,0.42635053396224976,-0.1456613391637802,0.48418036103248596,0.4183443784713745,-0.15988758206367493,0.48415979743003845,0.419291615486145,-0.1598559021949768,0.48402076959609985,0.4205687344074249,-0.15990464389324188,0.4831972122192383,0.4184805154800415,-0.15076637268066406,0.48382002115249634,0.41708025336265564,-0.15083542466163635,0.48454704880714417,0.41566234827041626,-0.15086595714092255,0.48890361189842224,0.42357346415519714,-0.18566659092903137,0.49084997177124023,0.414789080619812,-0.143623948097229,0.48596110939979553,0.43059349060058594,-0.1511431485414505,0.48566269874572754,0.429747611284256,-0.13905224204063416,0.5029029846191406,0.45658695697784424,-0.1722780168056488,0.5098957419395447,0.4223693311214447,-0.09116651117801666,0.5024964809417725,0.4991151690483093,-0.11544422805309296,0.511698842048645,0.46855035424232483,-0.02473549172282219,0.5073133707046509,0.49977222084999084,-0.022573979571461678,0.5071489214897156,0.48315873742103577,0.024780917912721634,0.5084659457206726,0.5024434924125671,-0.021916622295975685,0.5071641206741333,0.48662659525871277,0.0342811718583107,0.5106887817382812,0.49733737111091614,-0.02708263322710991,0.5044357180595398,0.4872659146785736,0.022266242653131485,0.5108160972595215,0.49566560983657837,-0.022617759183049202,0.5041252374649048,0.48623207211494446,0.02168991230428219,0.5164983868598938,0.5184242725372314,-0.03384152054786682,0.5188072919845581,0.49695298075675964,0.033932529389858246,0.4706699848175049,0.47241953015327454,-0.05282200500369072,0.4775676131248474,0.45605650544166565,0.010143278166651726,0.4515957832336426,0.5465956926345825,4.769622319145128e-05,0.46094924211502075,0.5330892205238342,0.0572296604514122,0.4530557096004486,0.5613448023796082,0.004920631181448698,0.4619622826576233,0.5489155054092407,0.06073345988988876,0.4332417845726013,0.5387283563613892,-0.010906876996159554,0.4435153007507324,0.5350036025047302,0.046911098062992096
0578,./images/2/frame_00578.jpg,Fall,0.4841591715812683,0.42764413356781006,-0.1647680401802063,0.48523062467575073,0.4189828634262085,-0.17793819308280945,0.485419899225235,0.41938337683677673,-0.17790000140666962,0.48555001616477966,0.42094674706459045,-0.17795583605766296,0.484372615814209,0.41920632123947144,-0.16852237284183502,0.4840688109397888,0.4196391999721527,-0.16859479248523712,0.4845217168331146,0.4184081256389618,-0.16862104833126068,0.4914103150367737,0.42380794882774353,-0.19614574313163757,0.4905208647251129,0.41552332043647766,-0.1530735343694687,0.4870613217353821,0.4322252571582794,-0.16733579337596893,0.4861237406730652,0.43157315254211426,-0.15484026074409485,0.505477249622345,0.4529297649860382,-0.1711409091949463,0.5051490664482117,0.42452502250671387,-0.09712623804807663,0.5112268328666687,0.4945749044418335,-0.11096812784671783,0.5082833170890808,0.47292274236679077,-0.029880980029702187,0.5094461441040039,0.49968820810317993,-0.017996182665228844,0.5052269697189331,0.48317286372184753,0.021886125206947327,0.5082128643989563,0.502318799495697,-0.014904715120792389,0.5055422186851501,0.48650306463241577,0.031109273433685303,0.5097360610961914,0.4980069100856781,-0.020529164001345634,0.5036113858222961,0.4866986870765686,0.020768001675605774,0.5099684596061707,0.49609217047691345,-0.01784360036253929,0.5034533739089966,0.48574304580688477,0.019747447222471237,0.5176371932029724,0.5171484351158142,-0.033693380653858185,0.5180925130844116,0.4984573721885681,0.03378630429506302,0.47090452909469604,0.4724031090736389,-0.05276231840252876,0.4775102138519287,0.45664647221565247,0.005163342691957951,0.45522552728652954,0.5467255711555481,0.0006628321134485304,0.46067380905151367,0.5347326397895813,0.043512456119060516,0.45666271448135376,0.5615349411964417,0.005372796673327684,0.462030827999115,0.5504428744316101,0.046093061566352844,0.4376564025878906,0.5412617325782776,-0.01260372530668974,0.44282665848731995,0.5384342074394226,0.030376344919204712
0579,./images/2/frame_00579.jpg,Fall,0.48429161310195923,0.42646780610084534,-0.1553335189819336,0.48504772782325745,0.41937848925590515,-0.16853410005569458,0.48532813787460327,0.41972851753234863,-0.16849972307682037,0.4854412078857422,0.4209567904472351,-0.1685599982738495,0.4845762848854065,0.41839757561683655,-0.15839505195617676,0.48414021730422974,0.41942307353019714,-0.15844807028770447,0.48452281951904297,0.4181900918483734,-0.15845724940299988,0.4900940954685211,0.4227123260498047,-0.19023749232292175,0.4904389977455139,0.41505512595176697,-0.14319846034049988,0.487006276845932,0.43206536769866943,-0.15955017507076263,0.4865165650844574,0.43177804350852966,-0.14579829573631287,0.5049094557762146,0.4531838297843933,-0.16357894241809845,0.506390392780304,0.42352065443992615,-0.09103572368621826,0.5148605704307556,0.49014946818351746,-0.10146848112344742,0.5110093951225281,0.47104451060295105,-0.020884938538074493,0.5158215761184692,0.49544596672058105,-0.013582194223999977,0.5102916359901428,0.4829447567462921,0.03362148255109787,0.5152472257614136,0.49729159474372864,-0.01070745661854744,0.5103029012680054,0.48602184653282166,0.04354049265384674,0.5167810320854187,0.49465540051460266,-0.015727270394563675,0.5084088444709778,0.48652708530426025,0.032971419394016266,0.5166126489639282,0.49336883425712585,-0.013540850952267647,0.5084450244903564,0.48559749126434326,0.0315568707883358,0.5177243947982788,0.5172332525253296,-0.033699508756399155,0.5183266401290894,0.4984152913093567,0.033786408603191376,0.4714745581150055,0.4716963768005371,-0.05645737051963806,0.4777330756187439,0.45323917269706726,0.005916525609791279,0.45500707626342773,0.5454550981521606,-0.016095483675599098,0.46031394600868225,0.5318062901496887,0.036590784788131714,0.4562136232852936,0.5608599185943604,-0.012757432647049427,0.46152693033218384,0.5483853816986084,0.03834053874015808,0.4373759627342224,0.539858341217041,-0.032758165150880814,0.44251909852027893,0.5354533791542053,0.02198874019086361
0580,./images/2/frame_00580.jpg,Fall,0.48415350914001465,0.42168524861335754,-0.1576295793056488,0.48477473855018616,0.4175046682357788,-0.1701909601688385,0.4850217401981354,0.4183346629142761,-0.17016035318374634,0.48519760370254517,0.41959312558174133,-0.17022398114204407,0.4849349856376648,0.4149749279022217,-0.16009555757045746,0.48538073897361755,0.41429030895233154,-0.16015660762786865,0.4862050414085388,0.4129590392112732,-0.16016961634159088,0.48860692977905273,0.42223823070526123,-0.18873214721679688,0.4930991530418396,0.41237908601760864,-0.14363722503185272,0.48646387457847595,0.4284422695636749,-0.16008469462394714,0.4868389666080475,0.4268001616001129,-0.14662252366542816,0.49685174226760864,0.45872992277145386,-0.16380071640014648,0.512466549873352,0.4209592938423157,-0.08520229905843735,0.4937618672847748,0.5034356713294983,-0.10306302458047867,0.5198398232460022,0.46134206652641296,-0.010671204887330532,0.499363511800766,0.49915754795074463,-0.016535012051463127,0.5138517618179321,0.48280584812164307,0.046736836433410645,0.4991232454776764,0.5005086660385132,-0.01447569765150547,0.5134620666503906,0.4871673583984375,0.05705954506993294,0.5030390024185181,0.49604344367980957,-0.017255287617444992,0.5117110013961792,0.4879889190196991,0.04517730697989464,0.5040937066078186,0.49498116970062256,-0.016933072358369827,0.5113498568534851,0.4866296947002411,0.04422248154878616,0.515876293182373,0.5186415910720825,-0.033686697483062744,0.520804762840271,0.4981531798839569,0.0337860994040966,0.4699447751045227,0.47397029399871826,-0.056604206562042236,0.47906094789505005,0.452170729637146,0.00962982326745987,0.45487308502197266,0.5435199737548828,0.004130728077143431,0.4612658619880676,0.528425931930542,0.05643221735954285,0.4563315510749817,0.557435929775238,0.00912568811327219,0.4626479148864746,0.5447915196418762,0.06000028923153877,0.4377872049808502,0.5394082069396973,-0.016212251037359238,0.44338876008987427,0.5317389965057373,0.04668506979942322
0581,./images/2/frame_00581.jpg,Fall,0.4840162694454193,0.41873347759246826,-0.17522349953651428,0.484600305557251,0.41560184955596924,-0.18652647733688354,0.4848024249076843,0.4172210991382599,-0.18649810552597046,0.4849936068058014,0.41861456632614136,-0.18657071888446808,0.485342413187027,0.41202667355537415,-0.17729347944259644,0.4861953854560852,0.4114031493663788,-0.17736849188804626,0.4872918725013733,0.41002845764160156,-0.17739279568195343,0.48780784010887146,0.4221636950969696,-0.19526493549346924,0.49500370025634766,0.4109498858451843,-0.15371868014335632,0.48580145835876465,0.4263254404067993,-0.17400933802127838,0.4867449700832367,0.424333781003952,-0.16193723678588867,0.49174731969833374,0.4671172797679901,-0.1666301190853119,0.51566481590271,0.4194088876247406,-0.08903967589139938,0.4875308871269226,0.5151907801628113,-0.10614065825939178,0.5254623889923096,0.4537304639816284,-0.014347167685627937,0.4933481812477112,0.5123758316040039,-0.01856973208487034,0.5187420845031738,0.4768483340740204,0.04796842485666275,0.49318844079971313,0.5145111680030823,-0.02113511599600315,0.518586277961731,0.4822259247303009,0.05841653421521187,0.4967583119869232,0.509089469909668,-0.0287323035299778,0.5167993903160095,0.48381954431533813,0.04693407192826271,0.4981878399848938,0.5078270435333252,-0.02051694318652153,0.5161510705947876,0.48338818550109863,0.04585975781083107,0.5130020976066589,0.5200917720794678,-0.03136692941188812,0.5212112665176392,0.4970051646232605,0.031495317816734314,0.46953296661376953,0.4752691984176636,-0.05454447865486145,0.4794641435146332,0.45208385586738586,0.012906174175441265,0.4554502069950104,0.5361512899398804,0.027111992239952087,0.4637051522731781,0.5216851830482483,0.07775130867958069,0.4569953978061676,0.548811137676239,0.03565134480595589,0.46448856592178345,0.5375542044639587,0.08390431106090546,0.43914666771888733,0.5302806496620178,0.030798491090536118,0.44611772894859314,0.5223833322525024,0.07831967622041702
0582,./images/2/frame_00582.jpg,Fall,0.48398980498313904,0.41649457812309265,-0.16381850838661194,0.4845280051231384,0.413898766040802,-0.17647530138492584,0.48476552963256836,0.41523703932762146,-0.17643234133720398,0.4848390519618988,0.4165343940258026,-0.17650975286960602,0.485241562128067,0.4103677570819855,-0.16481904685497284,0.4858176112174988,0.4086202383041382,-0.16489095985889435,0.48681679368019104,0.40729373693466187,-0.16491010785102844,0.48712363839149475,0.42085155844688416,-0.19419296085834503,0.49434128403663635,0.40876251459121704,-0.14537456631660461,0.4848993420600891,0.42472124099731445,-0.16839632391929626,0.4863058626651764,0.4224206805229187,-0.15257659554481506,0.49267616868019104,0.4671749174594879,-0.1715652495622635,0.514914333820343,0.41789376735687256,-0.08793394267559052,0.4950772821903229,0.5129189491271973,-0.11770902574062347,0.523250162601471,0.4529058337211609,-0.014884878881275654,0.501264214515686,0.5187050104141235,-0.034885115921497345,0.5162168741226196,0.4772482216358185,0.043165549635887146,0.5020480751991272,0.522626519203186,-0.038681335747241974,0.5163489580154419,0.4827656149864197,0.053272850811481476,0.5042474865913391,0.5183756947517395,-0.04599485918879509,0.5144840478897095,0.4844951331615448,0.04067867249250412,0.5048449635505676,0.5163612365722656,-0.0367625467479229,0.5138312578201294,0.4838848412036896,0.04024066403508186,0.5129929780960083,0.521129846572876,-0.03230661898851395,0.520645797252655,0.49628347158432007,0.03240440785884857,0.4701220393180847,0.476248174905777,-0.06587345898151398,0.47949013113975525,0.44935163855552673,0.010634907521307468,0.4553842544555664,0.5372130274772644,0.0014353336300700903,0.46180590987205505,0.5222136378288269,0.06964738667011261,0.45685917139053345,0.5516448020935059,0.007636444177478552,0.46221956610679626,0.5380850434303284,0.07465940713882446,0.4388948082923889,0.5323833227157593,-0.004940059967339039,0.44425803422927856,0.5235531330108643,0.06485674530267715
0583,./images/2/frame_00583.jpg,Fall,0.483905553817749,0.4146949350833893,-0.16510140895843506,0.4844331741333008,0.41238224506378174,-0.177285298705101,0.48467931151390076,0.41377395391464233,-0.177247554063797,0.48480457067489624,0.4151681661605835,-0.1773149073123932,0.4851077198982239,0.4081103503704071,-0.16696670651435852,0.4859533905982971,0.4065985381603241,-0.167039155960083,0.4871273934841156,0.4052134156227112,-0.16706392168998718,0.4868285655975342,0.42000091075897217,-0.19297447800636292,0.49527519941329956,0.40723177790641785,-0.14650356769561768,0.48429441452026367,0.4227335751056671,-0.16741487383842468,0.48607224225997925,0.4199534058570862,-0.15382054448127747,0.4916936755180359,0.46883684396743774,-0.1712721586227417,0.514584481716156,0.4164031147956848,-0.09018144011497498,0.49488863348960876,0.5127545595169067,-0.11472874879837036,0.5260695219039917,0.4470170736312866,-0.019262228161096573,0.5020539164543152,0.5167964100837708,-0.03652504086494446,0.5163688659667969,0.47166693210601807,0.03685424476861954,0.5031883716583252,0.5196205973625183,-0.04029782861471176,0.5154922604560852,0.47715088725090027,0.046317290514707565,0.5058954358100891,0.5152915716171265,-0.048333652317523956,0.5134254693984985,0.4801936745643616,0.03330560773611069,0.5063443779945374,0.513630747795105,-0.03874492645263672,0.513094961643219,0.4799904227256775,0.03377623111009598,0.5121685862541199,0.5210379958152771,-0.03207270801067352,0.5206056237220764,0.4928443431854248,0.0321650467813015,0.4700051248073578,0.47672855854034424,-0.06411093473434448,0.4796009659767151,0.4471091032028198,0.011409087106585503,0.45535808801651,0.5380407571792603,0.00743064284324646,0.4624325633049011,0.5209229588508606,0.07126723974943161,0.45676612854003906,0.5522879362106323,0.013871724717319012,0.4623510241508484,0.5369234681129456,0.07657118141651154,0.4390328824520111,0.5322918891906738,0.0013205194845795631,0.4452420771121979,0.522308886051178,0.06822969019412994
0584,./images/2/frame_00584.jpg,Fall,0.484525203704834,0.4107034504413605,-0.16795200109481812,0.48473113775253296,0.40810859203338623,-0.17820599675178528,0.48470979928970337,0.409945011138916,-0.1781797856092453,0.48460111021995544,0.41152921319007874,-0.17824089527130127,0.4873223304748535,0.40467411279678345,-0.16943295300006866,0.4888383746147156,0.40341269969940186,-0.16950395703315735,0.49042993783950806,0.4021865725517273,-0.16952750086784363,0.48668304085731506,0.4171862304210663,-0.18482255935668945,0.4991987347602844,0.4053049385547638,-0.1457802802324295,0.48432016372680664,0.41884171962738037,-0.16678817570209503,0.4872695803642273,0.41572508215904236,-0.15503379702568054,0.48882216215133667,0.4679337739944458,-0.15297622978687286,0.5179009437561035,0.4163581430912018,-0.08676297962665558,0.491632878780365,0.5095582008361816,-0.09446446597576141,0.5345279574394226,0.4395749866962433,-0.01735157147049904,0.5026723742485046,0.507265567779541,-0.018955815583467484,0.5250064134597778,0.46993663907051086,0.03545071557164192,0.5042011737823486,0.5084280371665955,-0.02138042077422142,0.5242642164230347,0.4766702353954315,0.0427713505923748,0.5078769326210022,0.504869818687439,-0.031394802033901215,0.5222290754318237,0.4794711768627167,0.030855273827910423,0.5083214044570923,0.5039471387863159,-0.021717293187975883,0.5215529203414917,0.4788913428783417,0.03265290707349777,0.5110262036323547,0.5214431285858154,-0.03139267489314079,0.5213891267776489,0.4930514097213745,0.03151823207736015,0.46998509764671326,0.47703614830970764,-0.0648486316204071,0.4798489511013031,0.4481890797615051,0.009394676424562931,0.4544919431209564,0.5395783185958862,0.0015381383709609509,0.4626745283603668,0.5215176343917847,0.05668153613805771,0.45530185103416443,0.5536706447601318,0.007408963982015848,0.46277880668640137,0.5375131964683533,0.0600268729031086,0.4391692280769348,0.5327797532081604,-0.0038631644565612078,0.4453074038028717,0.5207847356796265,0.04872262850403786
0585,./images/2/frame_00585.jpg,Fall,0.4847331643104553,0.4085098206996918,-0.1674523651599884,0.485196590423584,0.4061320424079895,-0.17526444792747498,0.48500633239746094,0.40828627347946167,-0.17524635791778564,0.4847005307674408,0.40989241003990173,-0.17530465126037598,0.4887754023075104,0.40291205048561096,-0.16768482327461243,0.49048933386802673,0.4016619920730591,-0.16775043308734894,0.49221524596214294,0.4004145860671997,-0.16776660084724426,0.48667463660240173,0.41608813405036926,-0.17947296798229218,0.5009990334510803,0.40390127897262573,-0.1429135948419571,0.484518438577652,0.41638854146003723,-0.16381673514842987,0.48836904764175415,0.4136509895324707,-0.15363255143165588,0.4855572283267975,0.4638925790786743,-0.1478821188211441,0.5191234946250916,0.4159172475337982,-0.08667342364788055,0.49207815527915955,0.5082946419715881,-0.08640440553426743,0.5387380123138428,0.4365224540233612,-0.01737886294722557,0.5095424056053162,0.508847177028656,-0.007312409579753876,0.5299516916275024,0.47108808159828186,0.03279581665992737,0.5121285319328308,0.5106087923049927,-0.008290211670100689,0.5291388630867004,0.47791773080825806,0.03954433649778366,0.5158277750015259,0.5078699588775635,-0.018610509112477303,0.5268059968948364,0.4805695116519928,0.027919447049498558,0.5158775448799133,0.5066632628440857,-0.010194012895226479,0.526235818862915,0.4798700511455536,0.030007844790816307,0.5104580521583557,0.5214110016822815,-0.030154690146446228,0.5216890573501587,0.4927290976047516,0.03028852306306362,0.4707214832305908,0.47710999846458435,-0.06524811685085297,0.48112815618515015,0.4446905851364136,0.0063863033428788185,0.4537254869937897,0.5400532484054565,-0.005675943568348885,0.4628393054008484,0.5185528993606567,0.04743439704179764,0.4547768533229828,0.5541782975196838,-0.0008998702978715301,0.4627379775047302,0.5352702736854553,0.04983349144458771,0.4399093687534332,0.5333833694458008,-0.017358485609292984,0.4454038143157959,0.5151843428611755,0.033846981823444366
0586,./images/2/frame_00586.jpg,Fall,0.48762649297714233,0.404843807220459,-0.16992196440696716,0.487978994846344,0.40452927350997925,-0.17850318551063538,0.4867473542690277,0.4070046842098236,-0.17849460244178772,0.4856818616390228,0.4085967540740967,-0.1785503327846527,0.492694616317749,0.4002050757408142,-0.17160746455192566,0.49463552236557007,0.39893701672554016,-0.17167985439300537,0.4965727925300598,0.3976587951183319,-0.17170870304107666,0.4872356951236725,0.4140610098838806,-0.1809384971857071,0.5050457715988159,0.40187862515449524,-0.1477770060300827,0.4866066873073578,0.4147387742996216,-0.16639678180217743,0.4917249083518982,0.40963825583457947,-0.15742933750152588,0.4848793148994446,0.4638622999191284,-0.14503338932991028,0.5209416151046753,0.4161128103733063,-0.08891560882329941,0.48986348509788513,0.5037225484848022,-0.07848499715328217,0.5421937704086304,0.4345413148403168,-0.021311473101377487,0.5078572034835815,0.5086951851844788,0.0009686528937891126,0.5319944620132446,0.46214213967323303,0.028576066717505455,0.5086138248443604,0.5103866457939148,-0.0001007219689199701,0.5309871435165405,0.4687228202819824,0.03424735367298126,0.511707603931427,0.5078331232070923,-0.011329946108162403,0.5288246273994446,0.4717327654361725,0.022509589791297913,0.5119331479072571,0.5063697099685669,-0.002099317964166403,0.5280987620353699,0.47131988406181335,0.025912785902619362,0.5085284113883972,0.51799476146698,-0.02813054621219635,0.5225062370300293,0.488698273897171,0.028291624039411545,0.4699583649635315,0.475717157125473,-0.056126050651073456,0.4848520755767822,0.43412238359451294,0.015595069155097008,0.4519054889678955,0.5374769568443298,0.008036592975258827,0.4753425717353821,0.5031930208206177,0.05487745255231857,0.4523535668849945,0.5512911677360535,0.01305503398180008,0.4756166338920593,0.5192286968231201,0.05337356775999069,0.43971410393714905,0.5317211151123047,-0.002912166528403759,0.46205633878707886,0.5030390620231628,0.04003331810235977
0587,./images/2/frame_00587.jpg,Fall,0.4888364374637604,0.40338578820228577,-0.1591816544532776,0.488328218460083,0.4030705690383911,-0.16787467896938324,0.4874371886253357,0.40531399846076965,-0.16786864399909973,0.48622244596481323,0.40695181488990784,-0.16790969669818878,0.49362000823020935,0.3991717994213104,-0.16121754050254822,0.49546122550964355,0.39805763959884644,-0.16129055619239807,0.4973093867301941,0.3969217836856842,-0.1613219529390335,0.4878842830657959,0.41287484765052795,-0.1695241928100586,0.5054212808609009,0.40137040615081787,-0.13827762007713318,0.48746752738952637,0.41298407316207886,-0.1556425243616104,0.4928237795829773,0.4083787202835083,-0.14692047238349915,0.4847044348716736,0.4624100923538208,-0.1363852322101593,0.5209544897079468,0.41619452834129333,-0.07800038158893585,0.4843750596046448,0.4988914430141449,-0.07064365595579147,0.5379906892776489,0.4369595944881439,-0.006056361831724644,0.4979734420776367,0.5003851652145386,0.009451707825064659,0.5277112722396851,0.46183040738105774,0.043846018612384796,0.4988967478275299,0.5033067464828491,0.008581859990954399,0.5268183946609497,0.4690464437007904,0.05050995945930481,0.5036085844039917,0.5000134110450745,-0.0013253682991489768,0.5247162580490112,0.47120869159698486,0.03835142031311989,0.5042831301689148,0.49835875630378723,0.006975657306611538,0.523971676826477,0.4703456461429596,0.04114168882369995,0.5081393718719482,0.5193711519241333,-0.028570881113409996,0.5229201912879944,0.49069884419441223,0.028696417808532715,0.46993643045425415,0.4758925437927246,-0.05612239986658096,0.4841344356536865,0.43736931681632996,0.015955941751599312,0.4508737623691559,0.5383254885673523,0.004344170447438955,0.4749988913536072,0.5089890956878662,0.05666760727763176,0.4509313106536865,0.5523281097412109,0.009191726334393024,0.47230273485183716,0.5239400267601013,0.05835776403546333,0.4395500123500824,0.5324662327766418,-0.005273022223263979,0.4570288062095642,0.5094528794288635,0.04419320821762085
0588,./images/2/frame_00588.jpg,Fall,0.4915734827518463,0.40175849199295044,-0.1291951686143875,0.49089866876602173,0.400391161441803,-0.13997142016887665,0.4893351197242737,0.4021778106689453,-0.13996170461177826,0.4883337616920471,0.4041581451892853,-0.1400015950202942,0.4953092634677887,0.39712265133857727,-0.13353458046913147,0.49657097458839417,0.3965163230895996,-0.13359831273555756,0.4984346330165863,0.3955010175704956,-0.1336286962032318,0.48938265442848206,0.4105319082736969,-0.15152360498905182,0.503275990486145,0.3991479277610779,-0.12204289436340332,0.49029022455215454,0.4108031392097473,-0.1299796998500824,0.49469271302223206,0.4077717363834381,-0.12149914354085922,0.48532557487487793,0.45739084482192993,-0.12623193860054016,0.52140212059021,0.4162726104259491,-0.06915995478630066,0.48611360788345337,0.48784369230270386,-0.055773328989744186,0.5431667566299438,0.43410158157348633,0.0017093889182433486,0.5022414922714233,0.48468512296676636,0.0296169426292181,0.5327985882759094,0.4618379473686218,0.056469857692718506,0.5029615163803101,0.4862317442893982,0.030227690935134888,0.5318889021873474,0.4696057140827179,0.06393781304359436,0.5078876614570618,0.48270609974861145,0.021915657445788383,0.5300741195678711,0.4711132049560547,0.05194363743066788,0.508619487285614,0.482131689786911,0.02780669368803501,0.5292860865592957,0.46943384408950806,0.05372010916471481,0.5083880424499512,0.5198901891708374,-0.030205782502889633,0.523482620716095,0.4958386719226837,0.030365165323019028,0.47023677825927734,0.47507423162460327,-0.054339922964572906,0.4837154746055603,0.43943095207214355,0.015728069469332695,0.45077258348464966,0.5388038754463196,-3.650599319371395e-05,0.46723753213882446,0.5109266638755798,0.04736224189400673,0.4510527551174164,0.5529326796531677,0.004091680981218815,0.4652773439884186,0.5248586535453796,0.04820810258388519,0.4362117648124695,0.5327538251876831,-0.01332805771380663,0.4517692029476166,0.5121488571166992,0.028550881892442703
0589,./images/2/frame_00589.jpg,Fall,0.4920899271965027,0.4014895558357239,-0.12861837446689606,0.4914241433143616,0.40013372898101807,-0.13979557156562805,0.49041396379470825,0.40218546986579895,-0.1397871971130371,0.4894283413887024,0.4036930203437805,-0.13983769714832306,0.4963568150997162,0.3968910574913025,-0.13241983950138092,0.49741238355636597,0.3955245912075043,-0.13248327374458313,0.4994424283504486,0.3942968249320984,-0.13251051306724548,0.4902522563934326,0.409451425075531,-0.15433084964752197,0.5030280947685242,0.3976774513721466,-0.12114378064870834,0.49168166518211365,0.4099371135234833,-0.13075092434883118,0.4957483410835266,0.4070316255092621,-0.12113131582736969,0.4861559271812439,0.45576226711273193,-0.13025370240211487,0.521135687828064,0.41628965735435486,-0.07108761370182037,0.4972193241119385,0.4848485291004181,-0.0625375509262085,0.544213593006134,0.4338107109069824,-0.0012264254037290812,0.513313353061676,0.4874540865421295,0.02269800566136837,0.534892201423645,0.46217063069343567,0.05544319003820419,0.5147324800491333,0.48953738808631897,0.023686598986387253,0.5337522029876709,0.47019317746162415,0.06354935467243195,0.5185640454292297,0.4867224097251892,0.015048153698444366,0.5318683385848999,0.4718782603740692,0.05145999789237976,0.5189456343650818,0.485864520072937,0.020782392472028732,0.5312698483467102,0.4699747860431671,0.05260580778121948,0.5078638195991516,0.5201626420021057,-0.03051864542067051,0.523461103439331,0.49575716257095337,0.03068707324564457,0.4694989323616028,0.4729704260826111,-0.05329854041337967,0.48342403769493103,0.43946465849876404,0.014279860071837902,0.4494759440422058,0.5376755595207214,-0.0009695876506157219,0.46697998046875,0.5115742087364197,0.04303956404328346,0.4498968720436096,0.5521023869514465,0.003266411367803812,0.4654843211174011,0.5270888209342957,0.043900683522224426,0.43635958433151245,0.5329646468162537,-0.012493073008954525,0.45159539580345154,0.5124538540840149,0.026817942038178444
0590,./images/2/frame_00590.jpg,Fall,0.4932641386985779,0.40172168612480164,-0.13682647049427032,0.4930827021598816,0.4011228382587433,-0.14555932581424713,0.49198204278945923,0.40290695428848267,-0.14562243223190308,0.4904703199863434,0.4028637409210205,-0.145686537027359,0.4978148937225342,0.3975173830986023,-0.14635756611824036,0.49880608916282654,0.3946285545825958,-0.1464315503835678,0.500946044921875,0.39345481991767883,-0.14646966755390167,0.490994393825531,0.4087948203086853,-0.16127629578113556,0.5038836002349854,0.39779824018478394,-0.14046066999435425,0.49220794439315796,0.41024622321128845,-0.1321232169866562,0.49674931168556213,0.40684887766838074,-0.13445791602134705,0.4851715564727783,0.45667675137519836,-0.13536454737186432,0.5225502252578735,0.4163537323474884,-0.08737164735794067,0.4963048994541168,0.4890074133872986,-0.060053952038288116,0.5466079711914062,0.43388476967811584,-0.00784231349825859,0.5103346109390259,0.48937004804611206,0.025787392631173134,0.5367341637611389,0.457454651594162,0.049439072608947754,0.5112944841384888,0.4908439517021179,0.026657262817025185,0.5356720685958862,0.4630027413368225,0.057306595146656036,0.5156052708625793,0.48787832260131836,0.015743844211101532,0.5332775115966797,0.4648857116699219,0.04531577229499817,0.5161569118499756,0.4870296120643616,0.022969426587224007,0.5324908494949341,0.46428337693214417,0.04673943668603897,0.5061988234519958,0.5193614363670349,-0.028524035587906837,0.5232925415039062,0.4939018189907074,0.028692493215203285,0.46640878915786743,0.4682089388370514,-0.04599766433238983,0.48765698075294495,0.42940524220466614,0.02139635756611824,0.4496597647666931,0.5294893980026245,0.03138262405991554,0.47671160101890564,0.4997333884239197,0.0745524913072586,0.45042023062705994,0.5415181517601013,0.03892006352543831,0.4768756926059723,0.514963686466217,0.07813072949647903,0.437635600566864,0.530185341835022,0.03084411285817623,0.46316346526145935,0.5022033452987671,0.06570690125226974
0591,./images/2/frame_00591.jpg,Fall,0.49567049741744995,0.4003136157989502,-0.08428880572319031,0.49559083580970764,0.3990260362625122,-0.09517237544059753,0.49471884965896606,0.40019094944000244,-0.09516549855470657,0.493757963180542,0.40087246894836426,-0.09521577507257462,0.49978548288345337,0.395243763923645,-0.08949257433414459,0.5004253387451172,0.39436352252960205,-0.08955135941505432,0.5024513006210327,0.3934725522994995,-0.08959150314331055,0.49475401639938354,0.4060039818286896,-0.11543184518814087,0.504334568977356,0.3974326252937317,-0.08866153657436371,0.4947970509529114,0.4080928862094879,-0.08856470882892609,0.4986429214477539,0.40550243854522705,-0.08110972493886948,0.4890441298484802,0.44567781686782837,-0.0972810760140419,0.5217010974884033,0.41743579506874084,-0.047506995499134064,0.5039762258529663,0.47701624035835266,-0.026639286428689957,0.5432092547416687,0.4369152784347534,0.021676015108823776,0.5158580541610718,0.47217628359794617,0.05984531715512276,0.533641517162323,0.4558364152908325,0.08260269463062286,0.5159168839454651,0.47131678462028503,0.06390321254730225,0.5329794883728027,0.4606400728225708,0.09253720939159393,0.5198339223861694,0.46789419651031494,0.058475054800510406,0.5305753946304321,0.46136733889579773,0.08293510228395462,0.5204072594642639,0.46823257207870483,0.05945967510342598,0.529824435710907,0.45969751477241516,0.08086301386356354,0.5067089796066284,0.5167492628097534,-0.028802338987588882,0.5220966339111328,0.49572983384132385,0.02894739806652069,0.4704551100730896,0.465884268283844,-0.04305299371480942,0.4869358539581299,0.4328562021255493,0.013360010460019112,0.44834646582603455,0.5300779938697815,-0.008068547584116459,0.4684639573097229,0.5034865140914917,0.01448329258710146,0.4486207067966461,0.5431855320930481,-0.005900958087295294,0.4680175185203552,0.5189765691757202,0.012201659381389618,0.43273860216140747,0.5292252898216248,-0.023458227515220642,0.45328694581985474,0.5026359558105469,-0.009892531670629978
0592,./images/2/frame_00592.jpg,Fall,0.4940962791442871,0.40175575017929077,-0.11519928276538849,0.4938891530036926,0.40028882026672363,-0.126997172832489,0.49314451217651367,0.4015401303768158,-0.12698327004909515,0.4921841025352478,0.4024152457714081,-0.1270361840724945,0.49779921770095825,0.3966381549835205,-0.11920507252216339,0.498736709356308,0.3956214487552643,-0.11925877630710602,0.5004714727401733,0.394643098115921,-0.11928306519985199,0.4939221441745758,0.40722328424453735,-0.14514629542827606,0.5050841569900513,0.39821773767471313,-0.11047005653381348,0.4933601915836334,0.4094107747077942,-0.11891151964664459,0.4971851408481598,0.40694400668144226,-0.10870657116174698,0.49368637800216675,0.4490208923816681,-0.12132133543491364,0.5214989185333252,0.41567665338516235,-0.06460265070199966,0.5133427381515503,0.48005416989326477,-0.04703034088015556,0.5476623177528381,0.4336346983909607,0.006328406743705273,0.5239755511283875,0.48075756430625916,0.0374249666929245,0.5353833436965942,0.4581775963306427,0.06569880992174149,0.5246639847755432,0.4809357225894928,0.03381212800741196,0.5331466794013977,0.4636613726615906,0.07507828623056412,0.5274168252944946,0.4766480028629303,0.024340322241187096,0.5306745767593384,0.46451911330223083,0.06320589035749435,0.5274092555046082,0.4764285981655121,0.03333999961614609,0.5308105945587158,0.46331316232681274,0.06305422633886337,0.5070576667785645,0.5168925523757935,-0.030945975333452225,0.5218151807785034,0.4958263039588928,0.031048133969306946,0.4712159037590027,0.46745437383651733,-0.055089909583330154,0.485775887966156,0.4357236623764038,0.008855808526277542,0.4500553607940674,0.5332494378089905,-0.00615264754742384,0.46367472410202026,0.5048393607139587,0.03246905654668808,0.45073452591896057,0.5489553809165955,-0.0017331050476059318,0.4634224474430084,0.5196261405944824,0.03296131268143654,0.43690261244773865,0.5316793918609619,-0.01578679494559765,0.44874924421310425,0.5051803588867188,0.017007024958729744
0593,./images/2/frame_00593.jpg,Fall,0.4949434697628021,0.40157637000083923,-0.12556737661361694,0.49498987197875977,0.40045738220214844,-0.1372729390859604,0.49348896741867065,0.40131187438964844,-0.13725976645946503,0.4922329783439636,0.4026047885417938,-0.1373119056224823,0.49919581413269043,0.3967019021511078,-0.12981709837913513,0.5007946491241455,0.3957015573978424,-0.12987872958183289,0.5025925636291504,0.3947083652019501,-0.12990672886371613,0.493863970041275,0.4079191982746124,-0.15149429440498352,0.5092113018035889,0.3987065255641937,-0.11359183490276337,0.493377685546875,0.409988671541214,-0.12806910276412964,0.4982694685459137,0.40698787569999695,-0.11831371486186981,0.4869127869606018,0.4507583975791931,-0.126292884349823,0.5244642496109009,0.41571319103240967,-0.07540080696344376,0.5027891993522644,0.48610714077949524,-0.05866725370287895,0.5481996536254883,0.4337344169616699,0.001842388533987105,0.5097287893295288,0.4877835214138031,0.028041426092386246,0.5356863737106323,0.45838648080825806,0.06300495564937592,0.5086991786956787,0.4907154440879822,0.028486141934990883,0.5334807634353638,0.4643186926841736,0.07098893076181412,0.5132533311843872,0.4867137372493744,0.019726673141121864,0.5307098627090454,0.46586617827415466,0.05850455164909363,0.5145004987716675,0.4852737784385681,0.02583198808133602,0.5304174423217773,0.4647868573665619,0.06014280766248703,0.5061533451080322,0.5193054676055908,-0.03089522197842598,0.5221555829048157,0.4986168444156647,0.031007561832666397,0.46949076652526855,0.4688771665096283,-0.042897388339042664,0.4873587191104889,0.434662789106369,0.018160823732614517,0.4501373767852783,0.5337594151496887,0.025316661223769188,0.47086143493652344,0.50452721118927,0.0628209263086319,0.45084381103515625,0.5480026602745056,0.031957123428583145,0.4708072245121002,0.5199404954910278,0.06526128202676773,0.4361755847930908,0.5317869782447815,0.024890471249818802,0.4518987238407135,0.5030877590179443,0.05238606408238411
0594,./images/2/frame_00594.jpg,Fall,0.49500590562820435,0.4034969210624695,-0.12428581714630127,0.4950001835823059,0.4005269706249237,-0.1374284327030182,0.4941141605377197,0.4019630551338196,-0.13741785287857056,0.49325838685035706,0.40340012311935425,-0.13747459650039673,0.4985235333442688,0.39694181084632874,-0.1287987232208252,0.49991267919540405,0.39591386914253235,-0.12885797023773193,0.5014728307723999,0.39496198296546936,-0.1288844347000122,0.49508538842201233,0.40815141797065735,-0.15241065621376038,0.5081576108932495,0.3990156352519989,-0.11830540746450424,0.494372695684433,0.41050004959106445,-0.12866301834583282,0.4979197084903717,0.4072017967700958,-0.11735408008098602,0.49477750062942505,0.4523385465145111,-0.13535939157009125,0.5246906876564026,0.41530922055244446,-0.07472284138202667,0.5091015100479126,0.48685625195503235,-0.07165423780679703,0.5462472438812256,0.43225881457328796,0.007818174548447132,0.5147448182106018,0.485630065202713,0.021951526403427124,0.531898558139801,0.4536796510219574,0.07628495991230011,0.5141549706459045,0.4877144396305084,0.025261417031288147,0.5274772047996521,0.4592542350292206,0.08684119582176208,0.5172474384307861,0.4840472638607025,0.016719046980142593,0.5254998207092285,0.4623004198074341,0.07346086204051971,0.517951488494873,0.48289811611175537,0.022009743377566338,0.5261434316635132,0.46132758259773254,0.0732642188668251,0.5063608288764954,0.5206661224365234,-0.03324812650680542,0.5216854810714722,0.4983469247817993,0.03336010128259659,0.46984046697616577,0.4704901874065399,-0.04621744900941849,0.4868607521057129,0.437250554561615,0.01625886932015419,0.45151981711387634,0.5378112196922302,0.019623233005404472,0.46820157766342163,0.5065549612045288,0.061152368783950806,0.4526902139186859,0.5529242753982544,0.02415047585964203,0.468657910823822,0.5222399234771729,0.06279429793357849,0.4384164810180664,0.5339701771736145,0.012324611656367779,0.4510982036590576,0.5048767328262329,0.046790603548288345
0595,./images/2/frame_00595.jpg,Fall,0.4956913888454437,0.40797945857048035,-0.11613166332244873,0.49657273292541504,0.4031112790107727,-0.1293301284313202,0.49601301550865173,0.4041152000427246,-0.1293264478445053,0.49543672800064087,0.40538978576660156,-0.12938806414604187,0.4982756972312927,0.3994031548500061,-0.11956886947154999,0.4993535578250885,0.39823830127716064,-0.11962021887302399,0.5007616281509399,0.3970786929130554,-0.11964111030101776,0.49804940819740295,0.4082546532154083,-0.15287528932094574,0.507320761680603,0.39906319975852966,-0.10960966348648071,0.49725303053855896,0.4151761829853058,-0.12217327207326889,0.4985092282295227,0.411886990070343,-0.10923564434051514,0.5051920413970947,0.4510473906993866,-0.13678155839443207,0.5239660739898682,0.41477155685424805,-0.06444261968135834,0.5252014994621277,0.4798887372016907,-0.07868152856826782,0.5450795888900757,0.4330543577671051,0.01728612557053566,0.5275149345397949,0.4835794270038605,0.007672816514968872,0.5281383395195007,0.4555327594280243,0.08267052471637726,0.5270358324050903,0.48622390627861023,0.00938499253243208,0.5238204002380371,0.461203396320343,0.09391391277313232,0.5277771353721619,0.4831591844558716,0.0048868958838284016,0.5220269560813904,0.4640197455883026,0.08016132563352585,0.5279622673988342,0.4818776547908783,0.007912653498351574,0.5231174230575562,0.4629002511501312,0.07924804091453552,0.5079611539840698,0.520684003829956,-0.03573133051395416,0.5203014016151428,0.49822235107421875,0.03580842167139053,0.47362643480300903,0.46647122502326965,-0.0522470697760582,0.48532214760780334,0.43786701560020447,0.009770303964614868,0.4529944956302643,0.5378071069717407,0.007988935336470604,0.46715325117111206,0.5076342821121216,0.043703608214855194,0.4539690613746643,0.5534297227859497,0.01328960806131363,0.4685375690460205,0.5229398608207703,0.04502423480153084,0.4395715594291687,0.5329813361167908,-0.0011093231150880456,0.4503791332244873,0.5065891146659851,0.03120862878859043
0596,./images/2/frame_00596.jpg,Fall,0.495453417301178,0.40804120898246765,-0.11867348849773407,0.49643954634666443,0.4039229452610016,-0.1316063106060028,0.49595290422439575,0.40473243594169617,-0.13159394264221191,0.4954393804073334,0.4058816134929657,-0.13165032863616943,0.4981927275657654,0.39942172169685364,-0.12207163870334625,0.49923738837242126,0.39830783009529114,-0.12212789058685303,0.5005022287368774,0.39715996384620667,-0.12215690314769745,0.49789682030677795,0.40864861011505127,-0.15449585020542145,0.5072153806686401,0.39879634976387024,-0.11170448362827301,0.4969286322593689,0.415031760931015,-0.12416601181030273,0.4984661936759949,0.41202425956726074,-0.11155488342046738,0.5018277764320374,0.45296305418014526,-0.14004775881767273,0.5259462594985962,0.4148711860179901,-0.06757139414548874,0.5150641798973083,0.4859922230243683,-0.08158516883850098,0.5467323064804077,0.4354613125324249,0.01148198638111353,0.526081919670105,0.48368725180625916,0.009626097977161407,0.528285801410675,0.4557041525840759,0.0777975395321846,0.5217744708061218,0.48647889494895935,0.011140277609229088,0.5243088603019714,0.46086394786834717,0.0893104076385498,0.5220761895179749,0.48390069603919983,0.006029639858752489,0.5221049785614014,0.4636131823062897,0.07602579891681671,0.5230827927589417,0.48285022377967834,0.00933842547237873,0.5230298638343811,0.46266576647758484,0.07465803623199463,0.5079916715621948,0.5213075280189514,-0.03662150353193283,0.5203371047973633,0.49809375405311584,0.03670012205839157,0.4740874171257019,0.4674178957939148,-0.051154762506484985,0.4851159453392029,0.43597763776779175,0.01055029034614563,0.4529048502445221,0.5401171445846558,0.012629588134586811,0.4645349383354187,0.5083499550819397,0.04886528104543686,0.453878790140152,0.5558186173439026,0.01890021562576294,0.4653427004814148,0.5241211652755737,0.05100804567337036,0.4395388662815094,0.5344812273979187,0.010513958521187305,0.44789057970046997,0.5060484409332275,0.042086437344551086
0597,./images/2/frame_00597.jpg,Fall,0.495575487613678,0.4131530821323395,-0.12220754474401474,0.49754056334495544,0.40720197558403015,-0.13470321893692017,0.4974265992641449,0.40825510025024414,-0.1346912831068039,0.49728888273239136,0.40919002890586853,-0.13474813103675842,0.49791377782821655,0.4031144976615906,-0.125306636095047,0.49904197454452515,0.4014899730682373,-0.12535706162452698,0.4999586045742035,0.39986059069633484,-0.1253790706396103,0.5007334351539612,0.4091278612613678,-0.1554206758737564,0.5070786476135254,0.39953023195266724,-0.10983981937170029,0.49822884798049927,0.420157253742218,-0.12641209363937378,0.4984595775604248,0.4162743091583252,-0.11452057212591171,0.5106587409973145,0.4506424367427826,-0.1398257315158844,0.525234580039978,0.41471391916275024,-0.05923011898994446,0.5289302468299866,0.4841133654117584,-0.07270430773496628,0.5393298864364624,0.4453885853290558,0.019557135179638863,0.5286487936973572,0.4832408130168915,0.025367364287376404,0.5270081758499146,0.45612338185310364,0.08009760826826096,0.5263259410858154,0.48502206802368164,0.030712494626641273,0.5240370035171509,0.4612220823764801,0.0916508287191391,0.5272135734558105,0.4819675087928772,0.026455452665686607,0.5216469764709473,0.46353599429130554,0.08000874519348145,0.5279112458229065,0.4809413552284241,0.026174668222665787,0.5225483179092407,0.46274247765541077,0.07750475406646729,0.5096350908279419,0.5213115215301514,-0.03769650310277939,0.517920970916748,0.49813780188560486,0.037754155695438385,0.47457632422447205,0.4673575162887573,-0.058305881917476654,0.4848974645137787,0.43666526675224304,0.0008197652059607208,0.45444655418395996,0.5400128960609436,0.012448136694729328,0.46450716257095337,0.50966477394104,0.029963115230202675,0.45562082529067993,0.5556573867797852,0.019222039729356766,0.4654412269592285,0.5262740850448608,0.030869221314787865,0.43973273038864136,0.534295380115509,0.00880394596606493,0.4474957585334778,0.5079241394996643,0.016150252893567085
0598,./images/2/frame_00598.jpg,Fall,0.4977763295173645,0.4125075042247772,-0.09146805852651596,0.49907994270324707,0.40712279081344604,-0.10394059121608734,0.4988202452659607,0.40811556577682495,-0.10392799228429794,0.4985262453556061,0.4091349244117737,-0.10398195683956146,0.4993925094604492,0.4030713737010956,-0.09544101357460022,0.5001974105834961,0.40145137906074524,-0.09546719491481781,0.5009346604347229,0.39983299374580383,-0.09548526257276535,0.5010663866996765,0.40914595127105713,-0.127017542719841,0.5071080923080444,0.3988267779350281,-0.08780168741941452,0.5002448558807373,0.4195297658443451,-0.09692062437534332,0.5005955696105957,0.4158048927783966,-0.08563701808452606,0.5066927671432495,0.44541406631469727,-0.11704675853252411,0.5268424153327942,0.41596680879592896,-0.04249177128076553,0.5196006298065186,0.4784272611141205,-0.04918491095304489,0.5399455428123474,0.4458881914615631,0.03550604730844498,0.5232657194137573,0.4668711721897125,0.049924448132514954,0.5272625684738159,0.4552263915538788,0.09802182018756866,0.5221949815750122,0.4649793803691864,0.056354932487010956,0.5244600176811218,0.45715877413749695,0.10981520265340805,0.5239806175231934,0.4617931842803955,0.05223511531949043,0.522016704082489,0.4582149386405945,0.1005065068602562,0.5246025323867798,0.4620692729949951,0.05068151280283928,0.5227753520011902,0.4580039978027344,0.09639774262905121,0.509142279624939,0.5213064551353455,-0.0388786718249321,0.5182951092720032,0.5021801590919495,0.038899015635252,0.47524023056030273,0.46330851316452026,-0.04642748087644577,0.48479127883911133,0.43689095973968506,0.02037680707871914,0.4541570246219635,0.5386978983879089,0.009766142815351486,0.46439409255981445,0.5109431743621826,0.04902513325214386,0.45498767495155334,0.5577492117881775,0.015361674129962921,0.46548476815223694,0.5276143550872803,0.04964781552553177,0.43828606605529785,0.5353330373764038,0.007721736095845699,0.44695085287094116,0.5102847814559937,0.04021701216697693
0599,./images/2/frame_00599.jpg,Fall,0.5001320242881775,0.41036733984947205,-0.09921804070472717,0.5021146535873413,0.4053899645805359,-0.11174081265926361,0.5015326738357544,0.4061663746833801,-0.11173062026500702,0.5008977651596069,0.4070786237716675,-0.11178145557641983,0.5021716952323914,0.40187814831733704,-0.10405594110488892,0.503133237361908,0.4005456566810608,-0.10409679263830185,0.5040931701660156,0.39918088912963867,-0.10411856323480606,0.5016237497329712,0.40735217928886414,-0.13482345640659332,0.5095075368881226,0.3988639712333679,-0.09931217133998871,0.502197802066803,0.4153353273868561,-0.10448917001485825,0.5043112635612488,0.4135304391384125,-0.09426239132881165,0.504710853099823,0.44485336542129517,-0.12223774194717407,0.5299015045166016,0.4178638756275177,-0.054072488099336624,0.511825442314148,0.47991257905960083,-0.05310377478599548,0.5443580746650696,0.44903865456581116,0.025903543457388878,0.5212631225585938,0.4737701117992401,0.041915081441402435,0.5291950106620789,0.4544235169887543,0.0974142923951149,0.5204431414604187,0.47374480962753296,0.046823762357234955,0.5262437462806702,0.45631933212280273,0.10996893793344498,0.5232862830162048,0.470424622297287,0.04032774642109871,0.5228911638259888,0.45667004585266113,0.09992209076881409,0.5237871408462524,0.4700285494327545,0.04145108908414841,0.5236252546310425,0.45641645789146423,0.09582805633544922,0.5079623460769653,0.5211703777313232,-0.03787511959671974,0.518630862236023,0.502677321434021,0.03792121261358261,0.4714430272579193,0.4768953025341034,-0.0373050794005394,0.4858632981777191,0.43805423378944397,0.027251645922660828,0.4541494846343994,0.5387876629829407,0.017754148691892624,0.4666222631931305,0.511042594909668,0.048945240676403046,0.4551929831504822,0.5572715401649475,0.023694030940532684,0.46783408522605896,0.5276162624359131,0.049366213381290436,0.4382919669151306,0.5391789078712463,0.021907154470682144,0.448941707611084,0.5127638578414917,0.03972890228033066
0600,./images/2/frame_00600.jpg,Fall,0.49987536668777466,0.40857264399528503,-0.09155343472957611,0.5013429522514343,0.40434032678604126,-0.10493960231542587,0.50072181224823,0.40506717562675476,-0.10493186861276627,0.5000498294830322,0.4059385061264038,-0.10498394072055817,0.5021712183952332,0.40054023265838623,-0.09651295840740204,0.5031166672706604,0.3992745578289032,-0.09655004739761353,0.5040945410728455,0.3979838192462921,-0.09656929224729538,0.501308798789978,0.4071332812309265,-0.13252213597297668,0.5094577074050903,0.3988047242164612,-0.094377800822258,0.5015329122543335,0.4133707284927368,-0.09863155335187912,0.5031800866127014,0.412519246339798,-0.08751190453767776,0.5030080676078796,0.4462504982948303,-0.12363521754741669,0.5310507416725159,0.41912272572517395,-0.05272376537322998,0.5108622908592224,0.4817609190940857,-0.057116806507110596,0.5483230352401733,0.4478456676006317,0.0283906701952219,0.5207872986793518,0.47480905055999756,0.034358810633420944,0.531179666519165,0.45439839363098145,0.1005687341094017,0.5202630162239075,0.4765169322490692,0.03779809921979904,0.528300404548645,0.4553934633731842,0.1126251369714737,0.5223768353462219,0.4734554588794708,0.03138703852891922,0.5245146155357361,0.45594513416290283,0.10188060998916626,0.5229793787002563,0.472570538520813,0.033632680773735046,0.5250447988510132,0.4562326669692993,0.09857286512851715,0.5068433880805969,0.5216767191886902,-0.03772350028157234,0.5193257331848145,0.5026859641075134,0.03776067495346069,0.4702910780906677,0.48093557357788086,-0.027517572045326233,0.48771753907203674,0.4309864342212677,0.04818657785654068,0.4543638825416565,0.538789689540863,0.04399632662534714,0.47274336218833923,0.5021476149559021,0.07996400445699692,0.45562881231307983,0.5571771264076233,0.051994215697050095,0.47430044412612915,0.5172569751739502,0.08133094012737274,0.4389634132385254,0.5391388535499573,0.05810362845659256,0.4558461308479309,0.5060858130455017,0.07973089069128036
